21,218814.957,597242.398,840.450,44.6R claw      
22,218767.833,597088.676,860.136,#356 SC044914L  
101,218767.831,597088.673,860.143,45-bs-rl-rap    
102,218767.840,597088.675,860.139,eos             
1001,218807.581,597127.283,837.054,sl              
1002,218809.794,597129.870,836.768,sl              
1003,218803.266,597125.594,837.096,bk +7           
1004,218807.608,597127.311,837.049,bk              
1005,218811.629,597129.248,837.183,bk              
1006,218815.038,597131.526,837.223,bk              
1007,218818.000,597134.273,837.104,bk              
1008,218820.547,597137.916,837.154,bk              
1009,218821.775,597142.107,837.138,bk              
1010,218822.936,597145.828,837.177,bk              
1011,218825.025,597149.968,837.098,bk              
1012,218827.406,597153.784,837.140,bk              
1013,218830.045,597157.182,837.114,bk              
1014,218832.918,597160.590,837.102,bk              
1015,218835.455,597163.506,837.083,bk              
1016,218838.491,597166.077,837.085,bk -7           
1017,218824.837,597142.998,837.752,bk +7           
1018,218823.810,597140.142,837.801,bk              
1019,218822.324,597137.645,837.860,bk              
1020,218820.485,597135.056,837.839,bk              
1021,218817.968,597132.393,837.733,bk              
1022,218814.542,597129.727,837.599,bk -7           
1023,218800.686,597125.425,836.966,sl              
1024,218800.745,597123.553,837.579,sl              
1025,218800.439,597122.736,838.102,sl              
1026,218799.483,597120.343,839.677,sl              
1027,218802.805,597120.321,839.234,sl              
1028,218803.172,597121.154,838.707,sl              
1029,218804.205,597123.144,837.596,sl              
1030,218808.065,597123.666,837.669,sl              
1031,218807.760,597121.995,837.646,sl              
1032,218807.690,597119.794,838.635,sl              
1033,218806.668,597118.353,839.697,sl              
1034,218810.384,597118.770,839.079,sl              
1035,218810.172,597119.048,838.744,sl              
1036,218809.996,597122.058,837.640,sl              
1037,218811.552,597129.433,837.004,sl              
1038,218813.538,597125.027,837.612,sl              
1039,218814.026,597122.879,838.083,sl              
1040,218815.559,597120.025,839.500,sl              
1041,218820.388,597121.969,839.467,sl              
1042,218820.369,597125.400,838.211,sl              
1043,218818.516,597128.787,837.903,sl              
1044,218815.088,597131.790,836.978,sl              
1045,218817.899,597134.305,837.024,sl              
1046,218818.370,597133.510,837.447,sl              
1047,218821.325,597129.635,838.457,sl              
1048,218822.438,597126.826,838.407,sl              
1049,218823.112,597124.239,838.863,sl              
1050,218823.374,597123.134,839.371,sl              
1051,218823.669,597121.643,839.805,sl              
1052,218823.643,597120.062,839.633,sl              
1053,218826.568,597117.603,839.785,sl              
1054,218827.098,597119.603,840.252,sl              
1055,218826.783,597121.742,840.049,sl              
1056,218826.396,597123.695,839.515,sl              
1057,218825.576,597127.549,838.677,sl              
1058,218825.485,597128.247,838.857,sl              
1059,218822.417,597132.687,838.328,sl              
1060,218820.056,597135.573,837.414,sl              
1061,218819.997,597137.234,837.032,sl              
1062,218821.663,597142.104,837.035,sl              
1063,218822.174,597137.826,837.640,sl              
1064,218825.441,597133.573,838.641,sl              
1065,218827.041,597129.339,839.142,sl              
1066,218827.240,597128.563,838.721,sl              
1067,218829.308,597123.961,839.821,sl              
1068,218829.805,597121.083,840.447,sl              
1069,218831.066,597119.300,840.782,sl              
1070,218830.777,597119.715,840.699,sl              
1071,218831.691,597116.373,841.598,sl              
1072,218833.111,597121.474,841.234,sl              
1073,218831.169,597124.140,840.159,sl              
1074,218830.797,597130.026,839.151,sl              
1075,218828.203,597134.695,838.799,sl              
1076,218826.388,597138.937,838.265,sl              
1077,218821.598,597142.182,837.032,sl              
1078,218822.618,597145.742,837.009,sl              
1079,218825.344,597144.692,837.684,sl              
1080,218828.466,597141.489,838.234,sl              
1081,218831.805,597136.569,838.901,sl              
1082,218834.313,597133.168,839.243,sl              
1083,218837.503,597129.522,840.393,sl              
1084,218835.023,597126.887,840.354,sl              
1085,218838.012,597121.499,842.285,sl              
1086,218839.295,597119.579,842.334,sl              
1087,218839.726,597118.446,841.792,sl              
1088,218842.862,597117.591,842.467,sl              
1089,218843.109,597119.811,843.480,sl              
1090,218843.747,597120.234,843.691,sl              
1091,218843.154,597122.574,843.350,sl              
1092,218841.248,597125.153,842.558,sl              
1093,218839.374,597126.793,841.645,sl              
1094,218841.176,597128.629,841.703,sl              
1095,218843.843,597125.777,842.818,sl              
1096,218846.139,597125.358,842.987,sl              
1097,218847.740,597124.056,842.151,sl              
1098,218845.894,597121.584,842.326,sl              
1099,218847.901,597119.943,842.853,sl              
1100,218850.366,597125.034,842.152,sl              
1101,218853.112,597125.313,841.620,sl              
1102,218852.380,597126.532,841.821,sl              
1103,218854.777,597127.953,843.433,sl              
1104,218856.351,597129.717,844.965,sl              
1105,218853.045,597131.050,844.157,sl              
1106,218849.424,597134.133,842.613,sl              
1107,218845.864,597132.767,842.033,sl              
1108,218841.644,597135.361,840.333,sl              
1109,218837.993,597137.859,839.263,sl              
1110,218832.261,597141.923,838.620,sl              
1111,218830.442,597146.994,837.912,sl              
1112,218828.179,597150.156,837.602,sl              
1113,218827.308,597153.976,837.004,sl              
1114,218830.000,597157.159,837.045,sl              
1115,218832.002,597154.796,837.617,sl              
1116,218834.064,597149.384,838.067,sl              
1117,218836.519,597144.044,838.847,sl              
1118,218841.495,597139.707,839.424,sl              
1119,218845.154,597138.087,840.495,sl              
1120,218849.135,597136.340,841.777,sl              
1121,218854.706,597133.644,843.548,sl              
1122,218857.484,597128.678,845.290,sl              
1123,218858.371,597126.004,844.607,sl              
1124,218859.875,597123.720,843.782,sl              
1125,218856.530,597123.966,843.007,sl              
1126,218861.897,597124.285,844.060,sl              
1127,218865.368,597123.279,843.913,sl              
1128,218856.943,597134.530,843.714,sl              
1129,218858.864,597139.132,842.980,sl              
1130,218854.728,597140.118,842.099,sl              
1131,218850.184,597141.577,840.872,sl              
1132,218849.938,597143.816,840.732,sl              
1133,218851.866,597145.403,841.655,sl              
1134,218854.050,597145.303,842.191,sl              
1135,218852.877,597147.491,842.153,sl              
1136,218856.870,597148.042,842.037,sl              
1137,218855.101,597150.453,841.759,sl              
1138,218857.433,597150.517,841.309,sl              
1139,218855.419,597152.196,840.852,sl              
1140,218853.002,597153.600,839.932,sl              
1141,218848.752,597155.145,838.755,sl              
1142,218845.367,597157.056,838.542,sl              
1143,218841.837,597152.403,838.691,sl              
1144,218844.081,597149.391,838.836,sl              
1145,218846.134,597147.835,839.136,sl              
1146,218849.291,597146.765,840.315,sl              
1147,218849.360,597149.363,839.857,sl              
1148,218847.672,597151.030,839.016,sl              
1149,218844.884,597143.353,839.462,sl              
1150,218848.649,597140.116,840.768,sl              
1151,218841.506,597146.219,838.994,sl              
1152,218837.916,597149.898,838.588,sl              
1153,218835.991,597154.221,837.876,sl              
1154,218834.568,597157.569,837.681,sl              
1155,218832.893,597160.789,837.000,sl              
1156,218835.349,597163.668,837.021,sl              
1157,218838.781,597161.524,837.734,sl              
1158,218842.023,597158.434,838.036,sl              
1159,218844.914,597156.230,838.581,sl              
1160,218848.340,597159.689,838.457,sl              
1161,218846.850,597162.720,838.059,sl              
1162,218844.193,597165.015,837.737,sl              
1163,218841.069,597168.445,837.045,sl              
1164,218845.304,597170.049,837.040,sl              
1165,218847.592,597166.389,837.796,sl              
1166,218848.763,597164.485,838.001,sl              
1167,218850.712,597160.371,838.534,sl              
1168,218851.355,597158.223,838.752,sl              
1169,218849.924,597156.950,838.657,sl              
1170,218852.627,597156.237,839.237,sl              
1171,218855.340,597154.906,840.432,sl              
1172,218857.693,597152.736,841.205,sl              
1173,218858.484,597150.375,841.531,sl              
1174,218859.582,597151.611,842.010,sl              
1175,218859.940,597152.991,842.080,sl              
1176,218862.815,597151.527,842.633,sl              
1177,218863.694,597152.354,842.864,sl              
1178,218861.685,597154.502,841.534,sl              
1179,218860.592,597154.005,841.747,sl              
1180,218860.400,597153.646,841.661,sl              
1181,218860.010,597152.901,842.098,sl              
1182,218858.124,597155.392,840.572,sl              
1183,218856.258,597156.366,839.959,sl              
1184,218855.858,597155.320,840.420,sl              
1185,218854.025,597157.437,839.258,sl              
1186,218853.014,597159.928,838.696,sl              
1187,218852.864,597164.937,838.065,sl              
1188,218851.299,597168.055,837.808,sl              
1189,218849.428,597171.833,837.026,sl              
1190,218853.750,597173.719,837.022,sl              
1191,218855.496,597170.104,837.659,sl              
1192,218857.635,597164.931,838.247,sl              
1193,218858.964,597162.261,839.034,sl              
1194,218860.605,597160.336,839.809,sl              
1195,218862.800,597160.483,840.828,sl              
1196,218863.218,597162.102,840.589,sl              
1197,218861.105,597162.679,839.258,sl              
1198,218860.179,597166.876,838.153,sl              
1199,218862.511,597168.498,838.155,sl              
1200,218863.788,597167.491,838.734,sl              
1201,218865.496,597166.241,839.365,sl              
1202,218865.598,597165.879,840.159,sl              
1203,218863.908,597167.978,838.655,sl              
1204,218863.086,597169.227,838.082,sl              
1205,218861.272,597172.787,837.656,sl              
1206,218860.443,597175.912,837.028,sl              
1207,218864.886,597177.436,837.027,sl              
1208,218865.738,597175.074,837.582,sl              
1209,218865.937,597174.205,837.720,sl              
1210,218866.345,597173.275,837.737,sl              
1211,218867.617,597171.247,838.647,sl              
1212,218868.911,597168.796,839.940,sl              
1213,218873.090,597170.347,839.974,sl              
1214,218872.159,597172.743,838.887,sl              
1215,218870.675,597175.267,837.866,sl              
1216,218869.038,597179.773,837.013,sl              
1217,218874.375,597182.593,837.070,sl              
1218,218875.738,597180.816,837.585,sl              
1219,218877.387,597178.134,837.920,sl              
1220,218879.029,597175.838,838.851,sl              
1221,218881.977,597175.259,839.975,sl              
1222,218884.556,597176.746,840.021,sl              
1223,218887.487,597177.431,840.517,sl              
1224,218887.690,597178.819,840.203,sl              
1225,218889.483,597178.000,840.158,sl              
1226,218890.864,597179.049,840.067,sl              
1227,218889.944,597181.032,839.734,sl              
1228,218887.729,597182.646,838.658,sl              
1229,218886.646,597185.152,837.663,sl              
1230,218884.355,597181.827,838.091,sl              
1231,218883.261,597183.442,837.781,sl              
1232,218881.878,597186.678,837.037,sl              
1233,218886.336,597187.865,837.050,sl              
1234,218887.318,597185.445,837.690,sl              
1235,218889.154,597183.128,838.592,sl              
1236,218890.402,597181.137,839.733,sl              
1237,218893.299,597182.650,839.447,sl              
1238,218893.422,597184.453,838.749,sl              
1239,218891.687,597187.397,837.639,sl              
1240,218889.817,597189.689,837.094,sl              
1241,218893.338,597192.122,836.976,sl              
1242,218895.167,597189.313,837.665,sl              
1243,218895.864,597186.721,838.369,sl              
1244,218896.350,597183.585,839.418,sl              
1245,218895.218,597181.085,840.183,sl              
1246,218893.682,597180.524,840.246,sl              
1247,218896.507,597181.424,840.223,sl              
1248,218898.307,597183.827,839.337,sl              
1249,218899.793,597181.071,840.357,sl              
1250,218898.043,597181.531,840.188,sl              
1251,218898.859,597179.464,840.920,sl              
1252,218899.355,597177.225,840.607,sl              
1253,218901.313,597178.482,841.201,sl              
1254,218901.703,597179.971,840.932,sl              
1255,218902.058,597182.991,839.982,sl              
1256,218900.630,597185.287,839.145,sl              
1257,218899.210,597188.439,838.274,sl              
1258,218903.783,597185.954,839.252,sl              
1259,218907.321,597183.680,840.304,sl              
1260,218909.059,597181.008,841.036,sl              
1261,218911.387,597179.710,840.408,sl              
1262,218912.459,597180.594,840.331,sl              
1263,218911.063,597181.701,840.917,sl              
1264,218911.233,597184.194,840.313,sl              
1265,218909.187,597186.143,839.577,sl              
1266,218910.476,597188.276,838.801,sl              
1267,218911.571,597189.220,838.270,sl              
1268,218915.527,597187.065,838.576,sl              
1269,218915.283,597184.762,839.485,sl              
1270,218912.565,597190.910,837.998,sl              
1271,218908.220,597192.155,837.920,sl              
1272,218905.516,597190.574,838.171,sl              
1273,218903.800,597192.894,837.625,sl              
1274,218901.469,597196.439,836.961,sl              
1275,218896.550,597193.252,837.069,sl              
1276,218891.987,597190.856,837.092,sl              
1277,218887.803,597188.603,837.009,sl              
1278,218887.800,597188.451,837.103,sl              
1279,218884.917,597187.504,837.083,sl              
1280,218885.147,597184.226,837.795,bk +7           
1281,218887.752,597185.208,837.913,bk              
1282,218891.718,597187.259,837.945,bk              
1283,218895.466,597189.166,837.895,bk              
1284,218898.502,597190.813,837.800,bk              
1285,218903.271,597192.399,837.805,bk -7           
1286,218911.006,597201.244,836.625,we +7           
1287,218905.392,597199.493,836.629,we              
1288,218900.286,597198.086,836.611,we              
1289,218895.002,597195.662,836.649,we              
1290,218888.878,597192.949,836.532,we              
1291,218884.549,597190.600,836.562,we              
1292,218876.574,597187.345,836.659,we              
1293,218868.391,597183.766,836.621,we              
1294,218859.974,597180.633,836.627,we              
1295,218851.862,597178.659,836.622,we              
1296,218846.711,597176.638,836.631,we              
1297,218839.166,597172.559,836.626,we              
1298,218833.306,597166.037,836.625,we              
1299,218829.006,597160.795,836.615,we              
1300,218824.860,597154.751,836.606,we              
1301,218821.421,597148.226,836.631,we              
1302,218819.430,597144.122,836.633,we              
1303,218818.766,597139.765,836.630,we              
1304,218817.023,597135.534,836.659,we              
1305,218813.460,597132.665,836.610,we              
1306,218809.063,597130.257,836.646,we              
1307,218805.079,597128.675,836.630,we              
1308,218801.260,597127.465,836.636,we              
1309,218797.342,597126.822,836.618,we -7           
1310,218797.411,597129.105,836.233,os              
1311,218804.357,597130.657,836.217,os              
1312,218809.919,597132.784,836.218,os              
1313,218815.129,597136.245,836.191,os              
1314,218817.820,597142.351,836.235,os              
1315,218819.659,597149.333,836.299,os              
1316,218823.044,597157.206,836.278,os              
1317,218827.527,597165.004,836.308,os              
1318,218832.266,597171.670,836.278,os              
1319,218838.052,597177.939,836.287,os              
1320,218845.160,597182.477,836.300,os              
1321,218851.366,597183.903,836.294,os              
1322,218857.263,597186.206,836.269,os              
1323,218863.920,597188.268,836.279,os              
1324,218870.328,597191.275,836.244,os              
1325,218876.607,597193.745,836.225,os              
1326,218882.783,597194.295,836.295,os              
1327,218887.688,597196.859,836.233,os              
1328,218892.468,597197.606,836.251,os              
1329,218900.535,597200.638,836.180,os              
1330,218906.115,597202.013,836.257,os              
1401,218557.837,597138.772,837.364,sl              
1402,218556.723,597137.392,838.032,sl              
1403,218555.583,597135.779,838.429,sl              
1404,218553.003,597133.993,838.451,sl              
1405,218552.881,597133.042,838.878,sl              
1406,218552.414,597131.009,838.951,sl              
1407,218555.419,597131.151,839.129,sl              
1408,218556.020,597133.486,838.889,sl              
1409,218556.673,597135.447,838.372,sl              
1410,218557.075,597136.576,838.469,sl              
1411,218557.299,597136.683,837.947,sl              
1412,218558.284,597137.636,837.730,sl              
1413,218559.183,597138.830,836.633,sl              
1414,218562.172,597138.586,837.516,sl              
1415,218561.979,597137.624,837.928,sl              
1416,218561.456,597136.011,838.642,sl              
1417,218561.184,597133.485,839.332,sl              
1418,218561.011,597131.938,839.568,sl              
1419,218560.096,597129.499,839.322,sl              
1420,218560.812,597128.338,839.578,sl              
1421,218562.144,597126.580,839.041,sl              
1422,218563.534,597129.074,839.655,sl              
1423,218562.973,597127.570,839.540,sl              
1424,218564.154,597130.159,839.643,sl              
1425,218564.409,597131.135,839.981,sl              
1426,218564.973,597133.013,839.797,sl              
1427,218566.304,597135.437,839.199,sl              
1428,218566.614,597136.474,838.803,sl              
1429,218567.216,597137.498,837.943,sl              
1430,218567.296,597138.035,837.550,sl              
1431,218569.916,597137.424,837.345,sl              
1432,218569.379,597136.870,838.183,sl              
1433,218568.618,597135.524,839.129,sl              
1434,218567.621,597133.905,839.486,sl              
1435,218566.153,597131.424,839.800,sl              
1436,218565.394,597130.275,839.676,sl              
1437,218565.097,597127.970,839.165,sl              
1438,218564.447,597128.061,839.595,sl              
1439,218564.257,597125.212,839.661,sl              
1440,218563.342,597123.618,839.323,sl              
1441,218563.882,597122.848,839.718,sl              
1442,218561.774,597123.685,839.900,sl              
1443,218562.928,597120.457,839.902,sl              
1444,218558.981,597117.875,840.021,sl              
1445,218560.889,597117.672,839.965,sl              
1446,218561.055,597117.235,839.607,sl              
1447,218557.057,597113.178,839.771,sl              
1448,218556.615,597113.987,840.029,sl              
1449,218559.788,597113.994,839.597,sl              
1450,218555.407,597110.038,839.888,sl              
1451,218559.452,597112.443,839.935,sl              
1452,218557.424,597109.738,839.874,sl              
1453,218554.240,597107.296,840.091,sl              
1454,218551.641,597104.919,839.796,sl              
1455,218550.326,597103.582,839.625,sl              
1456,218549.508,597102.122,840.024,sl              
1457,218547.892,597102.338,840.134,sl              
1458,218544.901,597100.486,839.990,sl              
1459,218544.408,597101.877,840.263,sl              
1460,218539.923,597099.270,839.982,sl              
1461,218537.565,597102.217,840.188,sl              
1462,218542.338,597104.285,839.871,sl              
1463,218543.743,597104.764,839.761,sl              
1464,218546.375,597105.918,839.702,sl              
1465,218546.419,597106.867,840.076,sl              
1466,218548.866,597108.749,839.989,sl              
1467,218550.525,597110.261,840.176,sl              
1468,218552.151,597108.790,839.626,sl              
1469,218552.591,597113.282,839.832,sl              
1470,218552.303,597110.611,839.769,sl              
1471,218553.646,597114.101,840.043,sl              
1472,218556.197,597114.152,840.045,sl              
1473,218557.997,597114.072,839.708,sl              
1474,218557.428,597115.565,839.940,sl              
1475,218560.237,597119.321,839.923,sl              
1476,218563.471,597120.984,839.806,sl              
1477,218558.471,597126.658,838.952,sl              
1478,218556.729,597125.019,839.796,sl              
1479,218553.574,597123.738,840.068,sl              
1480,218550.722,597121.566,839.994,sl              
1481,218548.426,597119.859,840.120,sl              
1482,218544.098,597120.104,839.666,sl              
1483,218546.430,597121.611,839.705,sl              
1484,218548.729,597124.871,839.248,sl              
1485,218550.396,597127.014,838.966,sl              
1486,218548.624,597130.851,839.036,sl              
1487,218546.425,597129.453,838.842,sl              
1488,218544.215,597128.603,838.808,sl              
1489,218540.763,597126.914,838.778,sl              
1490,218535.913,597124.699,838.997,sl              
1491,218534.771,597121.144,839.398,sl              
1492,218542.279,597123.580,839.540,sl              
1493,218536.019,597119.393,839.664,sl              
1494,218547.485,597098.242,840.279,sl              
1495,218549.809,597101.411,840.012,sl              
1496,218553.828,597103.498,840.084,sl              
1497,218557.467,597106.878,839.851,sl              
1498,218558.001,597105.409,840.160,sl              
1499,218560.878,597109.373,839.811,sl              
1500,218561.018,597110.233,840.002,sl              
1501,218564.323,597114.078,840.092,sl              
1502,218564.695,597113.634,839.691,sl              
1503,218568.743,597116.702,839.448,sl              
1504,218568.724,597119.254,840.195,sl              
1505,218571.897,597120.896,840.112,sl              
1506,218574.426,597122.410,839.954,sl              
1507,218572.747,597125.051,839.894,sl              
1508,218572.043,597126.151,839.315,sl              
1509,218575.992,597123.804,839.234,sl              
1510,218576.396,597122.016,839.852,sl              
1511,218574.475,597118.834,839.717,sl              
1512,218569.929,597115.644,839.609,sl              
1513,218566.933,597113.580,839.800,sl              
1514,218563.628,597108.300,840.072,sl              
1515,218560.798,597105.384,840.240,sl              
1516,218557.741,597101.233,840.170,sl              
1517,218554.569,597098.274,840.530,sl              
1518,218550.746,597095.543,840.548,sl              
1519,218553.250,597091.636,840.404,sl              
1520,218557.284,597095.000,840.428,sl              
1521,218561.321,597098.393,840.584,sl              
1522,218564.593,597101.757,840.302,sl              
1523,218567.304,597105.946,840.226,sl              
1524,218570.767,597110.541,840.226,sl              
1525,218570.783,597112.263,840.763,sl              
1526,218572.226,597112.486,840.965,sl              
1527,218571.724,597114.245,840.657,sl              
1528,218570.405,597113.988,840.481,sl              
1529,218569.774,597114.636,839.940,sl              
1530,218573.984,597113.900,840.867,sl              
1531,218574.370,597114.521,840.390,sl              
1532,218577.700,597117.034,839.885,sl              
1533,218581.551,597116.538,839.912,sl              
1534,218581.212,597116.158,840.217,sl              
1535,218577.916,597110.961,840.722,sl              
1536,218574.596,597108.060,841.066,sl              
1537,218572.800,597107.001,840.805,sl              
1538,218572.001,597106.491,840.457,sl              
1539,218569.166,597104.021,840.501,sl              
1540,218566.293,597101.429,840.402,sl              
1541,218563.332,597098.589,840.546,sl              
1542,218559.573,597095.737,840.410,sl              
1543,218555.123,597093.113,840.353,sl              
1544,218557.959,597089.588,840.965,sl              
1545,218560.086,597092.111,840.436,sl              
1546,218562.949,597094.992,840.554,sl              
1547,218567.252,597098.605,840.495,sl              
1548,218570.722,597101.053,840.313,sl              
1549,218574.701,597104.136,840.467,sl              
1550,218575.434,597105.492,841.130,sl              
1551,218577.978,597106.256,841.300,sl              
1552,218581.424,597109.432,840.665,sl              
1553,218583.993,597112.111,840.203,sl              
1554,218585.456,597115.377,839.578,sl              
1555,218587.191,597115.022,840.099,sl              
1556,218586.692,597116.082,839.572,sl              
1557,218589.166,597115.858,839.114,sl              
1558,218590.974,597111.909,839.973,sl              
1559,218587.372,597108.927,840.420,sl              
1560,218583.805,597105.555,840.843,sl              
1561,218579.141,597101.296,841.401,sl              
1562,218578.201,597101.296,841.267,sl              
1563,218577.399,597100.390,840.783,sl              
1564,218572.698,597096.790,840.744,sl              
1565,218569.146,597095.386,840.645,sl              
1566,218564.097,597093.030,840.557,sl              
1567,218559.069,597092.009,840.449,sl              
1568,218565.585,597090.244,841.253,sl              
1569,218561.102,597090.837,840.769,sl              
1570,218572.007,597091.783,841.469,sl              
1571,218573.140,597090.867,841.808,sl              
1572,218577.228,597094.758,841.203,sl              
1573,218581.105,597097.783,841.091,sl              
1574,218582.158,597098.972,841.611,sl              
1575,218581.126,597097.912,841.084,sl              
1576,218586.411,597101.455,841.313,sl              
1577,218586.771,597100.544,841.692,sl              
1578,218588.222,597102.902,841.243,sl              
1579,218591.477,597106.008,840.511,sl              
1580,218594.400,597108.799,840.255,sl              
1581,218596.640,597106.876,839.706,sl              
1582,218596.455,597110.397,838.767,sl              
1583,218599.176,597108.217,838.412,sl              
1584,218594.357,597103.320,840.483,sl              
1585,218589.900,597098.635,841.420,sl              
1586,218582.790,597091.970,842.253,sl              
1587,218581.305,597091.377,841.448,sl              
1588,218583.395,597095.084,842.097,sl              
1589,218580.590,597093.886,841.403,sl              
1590,218575.586,597092.059,841.501,sl              
1591,218574.294,597090.486,841.826,sl              
1592,218570.771,597087.483,841.833,sl              
1593,218565.582,597083.374,841.873,sl              
1594,218561.737,597081.100,842.008,sl              
1595,218564.710,597076.631,842.149,sl              
1596,218570.138,597079.720,841.999,sl              
1597,218575.783,597084.479,842.008,sl              
1598,218578.571,597087.440,842.038,sl              
1599,218581.972,597089.286,841.865,sl              
1600,218584.839,597090.218,842.473,sl              
1601,218590.233,597096.270,841.631,sl              
1602,218595.557,597098.719,840.811,sl              
1603,218598.470,597101.920,839.981,sl              
1604,218600.149,597103.152,839.397,sl              
1605,218602.659,597105.615,838.122,sl              
1606,218606.569,597102.207,838.088,sl              
1607,218604.306,597099.815,839.397,sl              
1608,218603.981,597098.565,840.230,sl              
1609,218600.907,597097.728,840.275,sl              
1610,218602.202,597095.957,841.240,sl              
1611,218599.506,597094.177,841.278,sl              
1612,218595.899,597091.374,841.854,sl              
1613,218593.199,597090.017,842.239,sl              
1614,218591.130,597090.433,842.193,sl              
1615,218590.886,597088.238,841.546,sl              
1616,218588.744,597090.409,842.471,sl              
1617,218587.615,597088.288,841.737,sl              
1618,218583.414,597085.875,841.764,sl              
1619,218581.123,597083.423,841.904,sl              
1620,218584.930,597082.484,841.935,sl              
1621,218587.490,597084.133,842.149,sl              
1622,218590.694,597086.076,841.853,sl              
1623,218595.521,597088.888,841.334,sl              
1624,218596.735,597088.112,841.127,sl              
1625,218600.906,597089.520,841.219,sl              
1626,218603.366,597090.613,841.266,sl              
1627,218602.705,597091.559,841.588,sl              
1628,218606.115,597094.323,841.815,sl              
1629,218607.551,597098.180,839.495,sl              
1630,218608.823,597099.880,838.400,sl              
1631,218609.886,597101.184,837.785,sl              
1632,218615.553,597097.541,837.361,sl              
1633,218613.731,597095.469,838.354,sl              
1634,218610.489,597094.093,840.461,sl              
1635,218609.327,597093.470,841.310,sl              
1636,218604.786,597090.181,841.398,sl              
1637,218602.180,597087.703,841.374,sl              
1638,218598.003,597085.179,841.487,sl              
1639,218600.654,597083.069,841.235,sl              
1640,218603.977,597083.963,841.448,sl              
1641,218606.923,597084.879,841.685,sl              
1642,218608.125,597085.390,842.040,sl              
1643,218611.952,597089.128,841.911,sl              
1644,218612.616,597089.952,840.366,sl              
1645,218615.755,597094.793,838.082,sl              
1646,218616.998,597095.999,837.513,sl              
1647,218617.484,597096.478,837.189,sl              
1648,218620.086,597095.482,837.129,sl              
1649,218618.199,597093.570,837.989,sl              
1650,218617.467,597092.350,838.595,sl              
1651,218622.052,597091.979,838.061,sl              
1652,218622.670,597093.641,836.947,sl              
1653,218626.966,597093.976,836.700,sl              
1654,218625.869,597091.928,837.406,sl              
1655,218628.752,597092.066,837.299,sl              
1656,218629.665,597092.879,836.789,sl              
1657,218631.548,597092.695,836.813,sl              
1658,218627.931,597112.447,837.107,v01             
1659,218622.410,597107.561,838.524,v02             
1660,218615.710,597099.756,837.355,v03             
1661,218614.097,597097.733,837.601,v04             
1662,218612.792,597096.309,838.419,v05             
1663,218611.342,597094.540,840.102,v06             
1664,218609.422,597092.371,841.205,v07             
1665,218599.028,597092.119,841.627,p74             
1666,218580.237,597086.060,841.796,p43             
1667,218582.748,597100.568,841.578,v17             
1668,218584.629,597103.070,841.224,v16             
1669,218587.027,597105.788,840.651,v15             
1670,218589.120,597108.294,840.350,v14             
1671,218590.897,597110.367,840.177,v13             
1672,218592.510,597112.368,839.622,v12             
1673,218593.569,597113.552,838.913,v11             
1674,218594.717,597115.031,838.435,v10             
1675,218603.677,597124.716,838.856,v09             
1676,218612.282,597131.495,837.051,v08             
1677,218602.577,597119.155,838.834,p73             
1678,218614.212,597128.277,837.079,p36             
1679,218629.961,597105.812,838.363,p46             
1680,218634.842,597106.061,837.115,p34             
1681,218600.542,597137.354,839.100,p47             
1682,218596.504,597153.646,836.888,p29             
1683,218568.886,597143.369,836.918,v18             
1684,218581.269,597130.371,839.269,p22             
1685,218576.871,597138.250,837.889,p33             
1686,218591.911,597108.892,840.254,p52             
1687,218567.332,597139.202,836.840,v19             
1688,218567.333,597139.168,836.828,v19             
1689,218566.691,597138.100,837.486,v20             
1690,218566.356,597137.504,838.018,v21             
1691,218564.613,597134.001,839.574,v24             
1692,218565.687,597136.790,838.605,v22             
1693,218565.090,597135.388,839.137,v23             
1694,218563.502,597131.450,839.826,v25             
1695,218562.682,597128.692,839.624,v26             
1696,218561.024,597125.168,839.385,v27             
1697,218559.742,597120.943,839.969,v28             
1698,218564.172,597106.612,840.271,p23             
1699,218562.553,597145.112,836.754,p76             
1700,218561.075,597144.931,836.677,sl              
1701,218563.910,597146.389,836.642,sl              
1702,218571.562,597147.350,836.714,sl              
1703,218576.240,597148.858,836.699,sl              
1704,218582.040,597149.665,836.802,sl              
1705,218588.302,597151.313,836.908,sl              
1706,218593.988,597153.011,836.946,sl              
1707,218596.387,597154.159,836.828,sl              
1708,218600.609,597155.346,836.537,sl              
1709,218603.012,597151.000,836.649,sl              
1710,218599.835,597149.798,836.901,sl              
1711,218595.946,597148.509,837.159,sl              
1712,218592.683,597147.399,837.292,sl              
1713,218586.252,597145.206,837.393,sl              
1714,218579.382,597143.890,837.255,sl              
1715,218574.241,597143.725,837.069,sl              
1716,218569.338,597141.831,836.952,sl              
1717,218565.499,597142.737,836.869,sl              
1718,218574.117,597139.661,837.399,sl              
1719,218572.031,597139.144,837.064,sl              
1720,218581.505,597142.615,837.483,sl              
1721,218587.498,597144.311,837.550,sl              
1722,218594.077,597145.311,837.621,sl              
1723,218597.154,597146.065,837.450,sl              
1724,218600.268,597146.886,837.049,sl              
1725,218605.128,597147.177,836.669,sl              
1726,218607.559,597143.246,836.677,sl              
1727,218603.571,597142.455,837.112,sl              
1728,218601.093,597141.184,838.297,sl              
1729,218599.020,597142.476,838.248,sl              
1730,218592.137,597140.319,838.550,sl              
1731,218586.568,597138.357,838.654,sl              
1732,218578.854,597135.787,838.560,sl              
1733,218576.230,597134.745,838.290,sl              
1734,218575.051,597134.487,837.843,sl              
1735,218576.123,597130.937,838.349,sl              
1736,218578.213,597131.482,838.886,sl              
1737,218582.028,597131.855,839.217,sl              
1738,218589.833,597134.698,839.189,sl              
1739,218594.753,597136.529,839.144,sl              
1740,218602.366,597137.934,838.818,sl              
1741,218600.038,597137.006,839.144,sl              
1742,218603.839,597138.621,838.282,sl              
1743,218604.242,597138.938,837.754,sl              
1744,218605.590,597139.663,837.122,sl              
1745,218608.685,597141.029,836.666,sl              
1746,218610.967,597135.339,836.804,sl              
1747,218609.474,597134.064,837.167,sl              
1748,218607.198,597132.628,838.602,sl              
1749,218605.030,597131.775,838.964,sl              
1750,218600.278,597130.827,838.919,sl              
1751,218590.806,597127.524,839.002,sl              
1752,218584.973,597125.363,838.988,sl              
1753,218582.417,597124.021,838.877,sl              
1754,218582.554,597128.806,839.244,sl              
1755,218580.497,597123.394,838.771,sl              
1756,218583.887,597119.589,838.879,sl              
1757,218584.875,597120.532,838.758,sl              
1758,218592.267,597122.766,839.043,sl              
1759,218602.446,597126.741,838.844,sl              
1760,218606.894,597128.092,838.936,sl              
1761,218610.033,597129.551,838.413,sl              
1762,218608.946,597128.894,838.710,sl              
1763,218610.799,597129.996,837.745,sl              
1764,218611.973,597130.642,837.146,sl              
1765,218613.809,597131.857,836.718,sl              
1766,218617.637,597126.881,836.705,sl              
1767,218616.250,597125.471,837.111,sl              
1768,218615.021,597124.821,837.653,sl              
1769,218614.296,597124.303,838.400,sl              
1770,218613.005,597123.093,838.682,sl              
1771,218611.181,597121.944,838.814,sl              
1772,218604.767,597118.846,838.800,sl              
1773,218598.801,597114.978,838.756,sl              
1774,218597.226,597113.997,838.355,sl              
1775,218594.469,597117.807,838.922,sl              
1776,218593.050,597116.923,838.603,sl              
1777,218599.919,597109.767,838.221,sl              
1778,218601.643,597110.946,838.375,sl              
1779,218603.047,597111.730,838.642,sl              
1780,218609.242,597115.008,838.726,sl              
1781,218614.937,597117.617,838.718,sl              
1782,218618.136,597119.569,838.389,sl              
1783,218619.030,597119.917,837.820,sl              
1784,218619.963,597120.692,837.177,sl              
1785,218621.559,597121.445,836.764,sl              
1786,218625.741,597116.724,836.749,sl              
1787,218624.636,597115.697,837.109,sl              
1788,218623.017,597114.322,838.313,sl              
1789,218620.807,597112.999,838.620,sl              
1790,218614.352,597110.022,838.644,sl              
1791,218610.626,597108.467,838.643,sl              
1792,218608.629,597107.818,838.465,sl              
1793,218606.914,597106.671,838.094,sl              
1794,218610.819,597103.097,837.766,sl              
1795,218605.417,597104.483,837.919,sl              
1796,218615.449,597105.960,838.487,sl              
1797,218619.971,597108.680,838.563,sl              
1798,218624.414,597109.366,838.505,sl              
1799,218626.949,597110.322,838.254,sl              
1800,218628.616,597111.771,837.137,sl              
1801,218630.371,597113.083,836.679,sl              
1802,218632.852,597109.884,836.812,sl              
1803,218632.040,597108.480,837.190,sl              
1804,218630.470,597107.042,838.189,sl              
1805,218628.281,597106.201,838.425,sl              
1806,218623.148,597104.184,838.408,sl              
1807,218619.872,597104.692,838.455,sl              
1808,218615.160,597103.025,837.808,sl              
1809,218613.901,597101.645,837.571,sl              
1810,218618.033,597100.060,837.295,sl              
1811,218619.657,597100.963,837.525,sl              
1812,218623.243,597101.875,837.786,sl              
1813,218623.167,597100.671,837.470,sl              
1814,218626.213,597101.471,837.403,sl              
1815,218630.192,597102.089,837.253,sl              
1816,218628.659,597103.965,838.253,sl              
1817,218632.822,597104.745,837.948,sl              
1818,218631.671,597104.122,838.080,sl              
1819,218634.756,597104.619,837.366,sl              
1820,218636.528,597105.233,836.982,sl              
1821,218644.756,597103.644,836.496,sl              
1822,218640.117,597103.542,836.584,sl              
1823,218635.465,597102.263,837.031,sl              
1824,218635.272,597102.535,837.294,sl              
1825,218632.293,597100.569,836.635,sl              
1826,218631.284,597101.684,837.040,sl              
1827,218627.460,597099.348,836.742,sl              
1828,218623.989,597097.897,836.795,sl              
1829,218621.105,597098.044,837.020,sl              
1830,218617.594,597097.786,837.223,sl              
1831,218614.161,597099.935,837.454,sl              
1832,218622.375,597095.749,836.881,sl              
1833,218625.336,597095.092,836.702,sl              
1834,218634.827,597093.683,836.418,we +7           
1835,218630.721,597094.984,836.329,we              
1836,218630.328,597097.311,836.410,we              
1837,218631.348,597099.678,836.435,we              
1838,218635.520,597100.553,836.422,we              
1839,218638.742,597101.943,836.405,we              
1840,218640.350,597102.431,836.395,we              
1841,218644.447,597102.647,836.385,we              
1842,218647.818,597102.955,836.385,we              
1843,218649.303,597104.032,836.410,we              
1844,218647.385,597104.869,836.425,we              
1845,218642.155,597106.580,836.362,we              
1846,218639.877,597106.697,836.429,we              
1847,218636.566,597108.798,836.431,we              
1848,218634.853,597110.899,836.455,we              
1849,218631.842,597114.543,836.400,we              
1850,218627.332,597119.424,836.419,we              
1851,218624.465,597122.823,836.400,we              
1852,218619.372,597129.352,836.423,we              
1853,218616.882,597133.357,836.414,we              
1854,218612.247,597140.873,836.454,we              
1855,218609.552,597147.172,836.407,we              
1856,218606.969,597151.523,836.399,we              
1857,218604.751,597154.667,836.414,we              
1858,218601.891,597156.077,836.425,we              
1859,218599.390,597156.380,836.374,we              
1860,218595.724,597155.067,836.425,we              
1861,218591.372,597153.927,836.454,we              
1862,218586.914,597152.456,836.460,we              
1863,218580.383,597151.023,836.432,we              
1864,218574.531,597149.573,836.466,we              
1865,218569.621,597148.960,836.399,we              
1866,218563.697,597147.813,836.432,we              
1867,218557.901,597147.354,836.438,we              
1868,218557.661,597146.511,836.444,we              
1869,218561.458,597143.608,836.423,we              
1870,218565.347,597141.528,836.373,we              
1871,218565.656,597140.546,836.380,we              
1872,218564.757,597140.068,836.413,we              
1873,218562.994,597138.985,836.439,we              
1874,218561.710,597139.565,836.367,we              
1875,218557.147,597140.026,836.439,we -7           
1876,218582.030,597131.187,839.301,i1              
1877,218599.186,597136.347,839.208,i1              
1878,218613.256,597121.388,838.751,i1              
1879,218627.858,597106.460,838.430,i1              
1880,218612.669,597107.407,838.592,i1              
1881,218599.121,597116.591,838.854,i1              
1882,218608.405,597101.652,837.977,i2              
1883,218603.175,597106.543,838.034,i2              
1884,218608.470,597105.174,837.951,i2              
1885,218600.724,597107.836,838.198,i3              
1886,218603.240,597109.258,838.286,i3              
1887,218598.704,597111.462,838.279,i3              
1888,218582.482,597121.308,838.798,i4              
1889,218578.969,597126.962,838.791,i4              
1890,218577.251,597124.706,838.926,i4              
1891,218567.938,597115.184,839.586,i5              
1892,218571.122,597116.972,839.595,i5              
1893,218569.772,597118.597,839.592,i5              
1894,218566.868,597116.593,839.583,i5              
1895,218565.672,597123.072,839.624,i6              
1896,218567.836,597121.274,839.747,i6              
1897,218567.406,597124.364,839.555,i6              
1898,218562.225,597117.152,839.658,i7              
1899,218563.519,597119.073,839.778,i7              
1900,218565.066,597117.194,839.783,i7              
1901,218563.209,597106.912,840.212,i8              
1902,218566.534,597109.207,840.321,i8              
1903,218566.490,597107.540,840.237,i8              
1904,218564.173,597105.958,840.246,i8              
1905,218563.623,597095.330,840.504,i9              
1906,218563.310,597097.141,840.503,i9              
1907,218565.358,597096.780,840.474,i9              
1908,218567.291,597101.186,840.361,i10             
1909,218567.415,597098.817,840.476,i10             
1910,218570.273,597100.457,840.348,i10             
1911,218568.815,597101.427,840.318,i10             
1912,218577.680,597085.895,841.937,i11             
1913,218580.877,597084.526,841.832,i11             
1914,218580.977,597086.954,841.819,i11             
1915,218589.362,597093.310,842.064,i12             
1916,218585.817,597093.702,842.130,i12             
1917,218586.503,597097.616,841.781,i12             
1918,218589.762,597096.583,841.610,i12             
1919,218584.882,597107.652,840.618,i13             
1920,218588.768,597104.118,840.785,i13             
1921,218589.616,597107.301,840.403,i13             
1922,218587.426,597109.823,840.457,i13             
1923,218590.685,597107.706,840.351,i14             
1924,218592.261,597109.405,840.227,i14             
1925,218593.963,597106.780,840.341,i14             
1926,218634.579,597095.431,836.137,os              
1927,218632.051,597097.380,836.195,os              
1928,218634.161,597098.911,836.064,os              
1929,218637.877,597100.433,836.148,os              
1930,218641.101,597102.022,836.136,os              
1931,218646.478,597102.026,835.920,os              
1932,218648.874,597103.097,836.124,os              
1933,218650.911,597104.578,836.093,os              
1934,218648.010,597106.919,836.174,os              
1935,218644.470,597111.130,836.140,os              
1936,218638.469,597114.361,836.162,os              
1937,218633.059,597120.479,836.171,os              
1938,218626.890,597126.575,836.157,os              
1939,218622.368,597132.370,836.177,os              
1940,218616.864,597140.889,836.206,os              
1941,218613.570,597147.856,836.205,os              
1942,218609.561,597153.997,836.154,os              
1943,218604.871,597158.222,836.006,os              
1944,218600.788,597157.625,835.862,os              
1945,218597.176,597156.361,836.023,os              
1946,218591.386,597154.938,836.046,os              
1947,218586.575,597153.803,836.146,os              
1948,218578.387,597151.772,836.136,os              
1949,218572.909,597150.869,836.127,os              
1950,218565.153,597149.574,836.132,os              
1951,218560.246,597148.784,836.089,os              
1952,218556.121,597148.332,836.143,os              
1953,218555.307,597146.472,836.173,os              
1954,218557.402,597145.096,836.049,os              
1955,218561.140,597142.482,836.146,os              
1956,218561.856,597140.117,836.207,os              
1957,218559.342,597140.661,836.063,os              
3060,218545.795,597130.362,838.841,SL              
3059,218552.061,597131.527,838.895,SL              
3063,218853.412,597135.876,842.871,SL              
3056,218548.793,597133.428,838.423,SL              
3055,218545.607,597133.115,838.370,SL              
3054,218548.753,597134.741,838.212,SL              
3053,218545.645,597136.231,838.209,SL              
3052,218548.673,597136.645,838.192,SL              
3051,218548.080,597138.729,838.189,SL              
3050,218545.696,597138.392,837.732,SL              
3049,218548.178,597140.448,837.486,SL              
3048,218545.077,597140.622,837.787,SL              
3047,218544.754,597141.970,836.316,sl              
3046,218548.436,597141.439,836.323,sl              
3045,218552.159,597135.117,838.224,SL              
3044,218558.876,597135.379,838.320,SL              
3065,218842.879,597130.955,841.679,SL              
3066,218836.151,597122.999,841.630,SL              
3040,218556.624,597140.780,836.317,sl              
3039,218553.580,597141.127,836.326,SL              
3038,218555.244,597137.823,838.429,SL              
3037,218555.266,597139.145,837.987,SL              
3036,218555.508,597140.250,837.280,SL              
3035,218551.682,597137.452,838.245,SL              
3034,218551.840,597139.335,838.034,SL              
3033,218551.464,597140.958,837.323,SL              
3032,218551.248,597141.646,836.335,sl              
3068,218850.567,597138.839,841.744,SL              
3030,218553.566,597131.504,838.895,sl              
3029,218553.077,597124.094,840.060,sl              
3028,218554.758,597126.978,839.169,sl              
3026,218564.754,597124.398,839.696,SL              
3025,218565.272,597125.638,839.573,SL              
3024,218566.412,597127.933,839.622,SL              
3071,218851.289,597141.669,841.049,SL              
3022,218562.493,597132.935,839.503,SL              
3021,218560.654,597123.453,839.978,sl              
3020,218562.524,597130.335,839.538,SL              
3069,218841.997,597132.135,841.176,SL              
3016,218559.380,597133.420,838.981,SL              
3015,218559.794,597130.988,839.532,SL              
3014,218558.964,597130.240,839.571,sl              
3073,218838.685,597127.840,841.070,SL              
3007,218876.287,597172.930,839.774,sl              
3004,218863.724,597163.317,840.377,sl              
3003,218861.872,597156.184,841.341,SL              
3001,218860.452,597148.135,842.392,SL              
3000,218856.226,597138.343,842.492,SL              
