1,227418.169,622634.195,894.902,BM x PC021601R  
2,227340.490,622467.452,886.999,bs1 x TC021720R 
3,227495.796,622516.325,883.999,hydro SC022005L 
4,227482.713,622503.564,884.294,new ds hydro x  
5,227413.460,622409.477,891.974,trav x SC022082L
101,227418.166,622634.198,894.892,BOS             
104,227418.174,622634.195,894.892,EOS             
105,227418.174,622634.195,894.891,EOS4REAL        
1001,227370.597,622553.594,880.331,OS              
1002,227369.899,622548.908,880.242,OS              
1003,227371.429,622548.013,880.347,OS              
1004,227373.420,622550.611,880.174,OS              
1005,227376.762,622554.150,880.224,OS              
1006,227379.309,622557.107,879.937,OS              
1007,227382.527,622559.763,880.092,OS              
1008,227384.838,622560.034,880.070,OS              
1009,227385.669,622557.947,880.210,OS              
1010,227386.409,622553.996,880.231,OS              
1011,227387.177,622549.980,880.269,OS              
1012,227388.899,622545.840,880.276,OS              
1013,227389.854,622539.848,880.436,OS              
1014,227392.749,622540.853,880.166,OS              
1015,227393.732,622537.873,880.221,OS              
1016,227391.156,622536.547,880.484,OS              
1017,227392.275,622533.345,880.555,OS              
1018,227396.348,622535.021,880.159,OS              
1019,227396.791,622531.402,880.261,OS              
1020,227394.945,622529.796,880.493,OS              
1021,227399.330,622529.274,880.137,OS              
1022,227397.190,622526.068,880.519,OS              
1023,227400.734,622526.117,880.140,OS              
1024,227399.469,622523.773,880.418,OS              
1025,227402.566,622521.902,880.045,OS              
1026,227401.350,622518.890,880.186,OS              
1027,227398.767,622514.505,880.112,OS              
1028,227395.203,622511.108,880.145,OS              
1029,227392.267,622507.879,880.122,OS              
1030,227387.946,622504.208,880.250,OS              
1031,227385.214,622500.488,880.054,OS              
1032,227380.851,622497.453,880.234,OS              
1033,227377.913,622493.285,880.160,OS              
1034,227373.345,622488.796,880.226,OS              
1035,227369.818,622484.380,880.239,OS              
1036,227365.646,622479.433,880.262,OS              
1037,227362.554,622474.708,880.167,OS              
1038,227359.150,622472.701,880.226,OS              
1039,227357.469,622469.896,880.052,OS              
1040,227359.542,622452.316,880.721,WE +7           
1041,227357.971,622455.993,880.719,WE              
1042,227358.597,622460.672,880.743,WE              
1043,227357.051,622464.629,880.769,WE              
1044,227356.278,622467.978,880.757,WE              
1045,227355.974,622471.435,880.758,WE              
1046,227357.954,622474.241,880.759,WE              
1047,227360.249,622476.292,880.744,WE              
1048,227361.267,622478.883,880.785,WE              
1049,227365.381,622483.864,880.773,WE              
1050,227368.190,622487.779,880.770,WE              
1051,227372.023,622491.985,880.767,WE              
1052,227374.959,622495.422,880.798,WE              
1053,227379.057,622499.502,880.760,WE              
1054,227382.418,622503.168,880.765,WE              
1055,227383.833,622503.172,880.771,WE              
1056,227386.728,622505.750,880.758,WE              
1057,227390.512,622509.659,880.798,WE              
1058,227393.708,622512.742,880.782,WE              
1059,227396.783,622516.735,880.799,WE              
1060,227397.855,622519.661,880.745,WE              
1061,227396.026,622523.437,880.783,WE              
1062,227393.773,622526.907,880.750,WE              
1063,227390.057,622531.791,880.782,WE              
1064,227387.158,622536.675,880.754,WE              
1065,227384.505,622542.893,880.775,WE              
1066,227383.386,622547.833,880.785,WE              
1067,227382.427,622553.696,880.745,WE              
1068,227382.097,622557.380,880.784,WE              
1069,227379.260,622555.207,880.798,WE              
1070,227376.812,622552.466,880.751,WE              
1071,227373.921,622548.424,880.756,WE              
1072,227371.872,622545.813,880.764,WE              
1073,227368.390,622545.421,880.775,WE              
1074,227367.624,622547.358,880.816,WE              
1075,227368.585,622549.056,880.715,WE              
1076,227369.001,622552.291,880.727,WE              
1077,227370.189,622554.876,880.757,WE -7           
1078,227365.115,622539.878,881.904,BK +7           
1079,227367.462,622535.096,881.960,BK              
1080,227369.511,622530.791,881.906,BK              
1081,227371.722,622526.098,881.908,BK              
1082,227374.664,622523.277,881.881,BK              
1083,227378.139,622521.676,881.930,BK              
1084,227381.853,622521.345,881.867,BK              
1085,227382.658,622517.912,881.872,BK              
1086,227382.775,622513.676,881.911,BK              
1087,227382.171,622509.290,881.863,BK              
1088,227380.668,622507.077,881.932,BK              
1089,227377.313,622503.671,881.916,BK              
1090,227374.107,622500.769,881.904,BK              
1091,227371.465,622497.954,881.916,BK              
1092,227368.815,622494.821,881.888,BK              
1093,227365.276,622490.983,881.938,BK              
1094,227361.551,622486.800,881.897,BK              
1095,227358.030,622481.880,881.850,BK              
1096,227354.598,622476.833,881.909,BK              
1097,227352.590,622471.494,881.924,BK -7           
1098,227352.249,622471.355,882.196,BK +7           
1099,227354.434,622477.045,882.148,BK              
1100,227357.732,622482.123,882.149,BK              
1101,227361.373,622486.937,882.107,BK              
1102,227364.993,622491.192,882.153,BK              
1103,227368.447,622495.203,882.144,BK -7           
1104,227352.091,622469.093,882.273,SL              
1105,227348.683,622470.515,882.908,SL              
1106,227347.015,622471.868,883.907,SL              
1107,227344.185,622471.486,885.810,SL              
1108,227341.630,622472.724,886.263,SL              
1109,227338.772,622474.204,887.278,SL              
1110,227336.246,622475.898,888.043,SL              
1111,227333.460,622472.924,889.166,SL              
1112,227332.193,622478.348,888.750,SL              
1113,227330.995,622481.841,888.789,SL              
1114,227337.129,622479.982,887.179,SL              
1115,227339.582,622478.359,887.647,SL              
1116,227341.812,622478.272,886.711,SL              
1117,227345.353,622477.441,885.361,SL              
1118,227347.315,622476.231,884.663,SL              
1119,227349.407,622474.119,883.809,SL              
1120,227350.913,622478.286,884.122,SL              
1121,227347.664,622480.550,885.266,SL              
1122,227343.981,622483.444,886.752,SL              
1123,227341.527,622483.910,887.364,SL              
1124,227339.133,622484.237,886.702,SL              
1125,227335.310,622485.329,886.882,SL              
1126,227332.205,622486.564,887.390,SL              
1127,227330.777,622489.923,888.114,SL              
1128,227334.351,622489.079,886.774,SL              
1129,227339.286,622489.293,886.364,SL              
1130,227340.800,622488.979,887.048,SL              
1131,227344.861,622487.171,886.815,SL              
1132,227348.163,622485.857,886.133,SL              
1133,227351.347,622484.278,885.145,SL              
1134,227353.738,622483.522,884.276,SL              
1135,227350.849,622481.448,884.720,SL              
1136,227356.265,622487.306,884.301,SL              
1137,227351.440,622489.581,885.790,SL              
1138,227347.059,622491.608,886.207,SL              
1139,227343.368,622492.341,886.467,SL              
1140,227339.335,622492.633,886.321,SL              
1141,227340.129,622490.639,886.679,SL              
1142,227335.488,622492.524,886.389,SL              
1143,227331.293,622492.968,887.221,SL              
1144,227332.078,622496.097,887.210,SL              
1145,227334.763,622496.360,886.372,SL              
1146,227338.612,622495.563,886.202,SL              
1147,227345.157,622495.425,886.061,SL              
1148,227348.825,622494.664,885.921,SL              
1149,227354.440,622492.874,885.476,SL              
1150,227358.342,622491.167,884.510,SL              
1151,227360.955,622493.828,884.368,SL              
1152,227356.386,622496.272,885.272,SL              
1153,227351.932,622498.238,885.525,SL              
1154,227346.801,622500.338,885.763,SL              
1155,227341.459,622500.909,886.033,SL              
1156,227338.120,622501.606,886.055,SL              
1157,227339.144,622505.202,885.882,SL              
1158,227344.754,622504.043,885.661,SL              
1159,227349.881,622503.623,885.250,SL              
1160,227355.394,622501.843,885.163,SL              
1161,227359.907,622499.806,884.956,SL              
1162,227363.070,622498.271,884.528,SL              
1163,227365.280,622501.902,884.373,SL              
1164,227361.782,622504.046,884.678,SL              
1165,227355.501,622506.858,884.927,SL              
1166,227350.230,622508.826,884.987,SL              
1167,227346.293,622509.092,885.108,SL              
1168,227343.693,622509.809,885.442,SL              
1169,227342.639,622507.344,885.848,SL              
1170,227340.839,622511.144,885.482,SL              
1171,227342.986,622514.058,885.668,SL              
1172,227345.542,622513.601,885.242,SL              
1173,227346.464,622513.312,884.810,SL              
1174,227351.764,622512.817,884.789,SL              
1175,227356.099,622511.866,884.625,SL              
1176,227360.699,622509.988,884.351,SL              
1177,227364.727,622508.651,884.193,SL              
1178,227367.709,622506.726,884.039,SL              
1179,227369.149,622511.243,883.669,SL              
1180,227363.767,622513.187,883.914,SL              
1181,227359.046,622514.929,884.139,SL              
1182,227354.171,622516.578,884.403,SL              
1183,227352.879,622517.140,884.381,SL              
1184,227348.640,622516.381,884.075,SL              
1185,227350.857,622519.638,883.344,SL              
1186,227348.359,622520.730,884.139,SL              
1187,227351.057,622522.614,883.409,SL              
1188,227353.836,622522.563,882.936,SL              
1189,227355.356,622521.060,882.906,SL              
1190,227356.431,622519.198,884.047,SL              
1191,227362.068,622517.854,883.813,SL              
1192,227366.527,622517.309,883.562,SL              
1193,227369.296,622514.204,883.492,SL              
1194,227368.151,622518.380,883.411,SL              
1195,227366.783,622521.099,883.396,SL              
1196,227364.557,622523.900,883.390,SL              
1197,227362.828,622521.208,883.632,SL              
1198,227360.540,622521.836,883.733,SL              
1199,227358.453,622523.030,882.755,SL              
1200,227355.852,622525.344,882.841,SL              
1201,227353.318,622523.638,882.940,SL              
1202,227356.975,622530.091,882.818,SL              
1203,227360.753,622529.075,882.497,SL              
1204,227365.269,622525.652,882.617,SL              
1205,227367.946,622527.718,882.243,SL              
1206,227364.831,622532.469,882.302,SL              
1207,227362.881,622535.607,882.274,SL              
1208,227364.694,622539.449,882.130,SL              
1209,227365.686,622541.770,881.589,SL              
1210,227366.318,622543.357,881.308,SL              
1211,227370.169,622543.142,881.399,SL              
1212,227370.848,622539.759,881.557,SL              
1213,227374.721,622540.945,881.592,SL              
1214,227373.339,622544.483,881.398,SL              
1215,227374.773,622547.519,881.299,SL              
1216,227378.604,622546.485,881.115,SL              
1217,227380.348,622550.707,880.957,SL              
1218,227377.299,622552.244,881.097,SL              
1219,227380.165,622554.524,880.969,SL              
1220,227379.669,622555.273,880.952,SL              
1221,227379.901,622545.163,881.079,SL              
1222,227381.193,622540.473,881.089,SL              
1223,227384.173,622534.072,881.095,SL              
1224,227386.734,622528.399,881.180,SL              
1225,227390.210,622523.623,881.208,SL              
1226,227392.814,622518.587,881.193,SL              
1227,227391.300,622514.207,881.194,SL              
1228,227387.744,622518.124,881.516,SL              
1229,227383.563,622524.137,881.739,SL              
1230,227379.534,622529.559,881.724,SL              
1231,227376.452,622534.562,881.664,SL              
1232,227373.034,622538.624,881.649,SL              
1233,227368.836,622535.269,881.669,SL              
1234,227372.025,622530.830,881.705,SL              
1235,227375.612,622524.765,881.846,SL              
1236,227378.082,622520.820,881.980,SL              
1237,227380.696,622516.742,882.029,SL              
1238,227383.286,622513.218,881.791,SL              
1239,227383.981,622517.408,881.678,SL              
1240,227386.330,622510.343,881.442,SL              
1241,227389.288,622511.628,881.230,SL              
1242,227383.150,622504.994,881.348,SL              
1243,227378.191,622510.821,882.105,SL              
1244,227374.974,622515.324,882.117,SL              
1245,227370.980,622519.655,882.235,SL              
1246,227367.931,622523.194,882.578,SL              
1247,227365.694,622525.287,882.630,SL              
1248,227371.510,622514.110,882.504,SL              
1249,227375.072,622507.551,882.117,SL              
1250,227378.665,622502.349,881.454,SL              
1251,227375.656,622499.136,881.419,SL              
1252,227370.916,622503.337,882.252,SL              
1253,227370.263,622505.410,882.463,SL              
1254,227371.525,622509.032,882.423,SL              
1255,227368.175,622499.829,882.486,SL              
1256,227371.925,622496.114,881.536,SL              
1257,227368.626,622492.399,881.517,SL              
1258,227365.362,622495.009,882.641,SL              
1259,227362.861,622490.737,882.410,SL              
1260,227365.238,622487.619,881.261,SL              
1261,227359.922,622482.040,881.468,SL              
1262,227357.566,622483.950,882.524,SL              
1263,227355.395,622479.781,882.296,SL              
1264,227358.633,622477.616,881.124,SL              
1265,227355.538,622475.084,881.449,SL              
1266,227352.887,622476.107,882.410,SL              
1267,227351.522,622473.187,882.447,SL              
1268,227354.851,622471.753,881.159,SL              
1269,227357.353,622462.155,880.969,V9              
1270,227355.734,622461.640,881.518,V10             
1271,227353.868,622461.310,882.060,V11             
1272,227350.840,622460.517,883.140,V12             
1273,227348.076,622460.164,884.193,V13             
1274,227344.136,622460.105,885.546,V14             
1275,227339.116,622460.111,887.034,V15             
1276,227348.771,622487.687,886.116,P46             
1277,227355.151,622486.250,884.450,P57             
1278,227362.000,622483.485,881.246,P75             
1279,227376.097,622500.293,881.553,P49             
1280,227373.198,622504.499,882.111,P43             
1281,227366.927,622506.876,884.166,P53             
1282,227351.460,622508.314,885.008,P29             
1283,227351.591,622520.817,883.141,V5              
1284,227349.202,622522.506,884.221,V6              
1285,227347.717,622523.952,885.529,V7              
1286,227345.597,622525.531,885.959,V8              
1287,227357.532,622534.088,884.377,V4              
1288,227358.384,622534.844,884.045,V3              
1289,227359.084,622533.249,883.055,V2              
1290,227363.074,622531.002,882.384,V10             
1291,227369.676,622538.558,881.587,P27             
1292,227375.469,622532.877,881.726,P52             
1293,227383.665,622539.790,880.933,P34             
1294,227380.707,622518.480,881.970,P22             
1295,227382.165,622514.279,882.002,P24             
1296,227393.551,622519.831,881.133,P35             
1297,227381.113,622554.641,880.890,P26             
1299,227366.657,622540.721,881.560,I1 +7           
1300,227373.671,622542.294,881.572,I1              
1301,227388.059,622518.855,881.483,I1              
1302,227385.034,622513.735,881.612,I1              
1303,227381.983,622520.770,881.904,I1              
1304,227375.952,622522.704,881.872,I1 -7           
1305,227371.702,622524.020,882.017,I2 +7           
1306,227380.483,622518.854,881.981,I2              
1307,227381.075,622508.469,882.020,I2              
1308,227370.346,622499.095,882.172,I2              
1309,227373.186,622512.212,882.216,I2 -7           
1310,227368.869,622515.318,883.486,I3 +7           
1311,227365.198,622523.158,883.366,I3              
1312,227362.081,622522.651,883.620,I3              
1313,227355.829,622517.295,884.200,I3              
1314,227362.628,622510.785,884.167,I3 -7           
1315,227359.650,622502.334,884.905,I4 +7           
1316,227356.410,622496.861,885.247,I4              
1317,227347.662,622502.057,885.549,I4              
1318,227348.147,622511.798,884.812,I4 -7           
1319,227344.932,622499.565,885.922,I5 +7           
1320,227344.248,622494.981,886.112,I5              
1321,227338.924,622492.307,886.335,I5              
1322,227339.357,622487.266,886.346,I5              
1323,227335.241,622488.627,886.554,I5              
1324,227335.221,622495.962,886.340,I5              
1325,227339.463,622498.190,886.139,I5 -7           
1327,227354.604,622521.370,882.927,I6 +7           
1328,227358.291,622530.739,882.635,I6              
1329,227364.836,622536.529,882.210,I6              
1330,227365.116,622526.533,882.479,I6              
1331,227360.734,622525.077,882.614,I6 -7           
3000,227340.036,622469.620,886.426,sl              
3001,227343.458,622470.082,885.227,sl              
3003,227336.555,622469.830,887.654,sl              
3004,227339.271,622511.477,885.408,SL              
3005,227339.548,622508.962,885.632,SL              
3006,227340.502,622514.452,885.391,SL              
3007,227343.754,622518.337,885.507,SL              
3008,227345.548,622516.958,884.838,SL              
3009,227346.121,622519.619,884.756,SL              
3011,227350.579,622523.274,883.688,SL              
3012,227354.090,622526.964,884.154,TAL             
3013,227337.380,622502.633,885.895,SL              
3014,227336.602,622499.401,886.103,SL              
3015,227331.948,622497.827,887.613,SL              
3016,227338.549,622505.806,885.717,SL              
