5000 229240.000 629985.000 895.730
5001 229240.000 629986.000 895.782
5002 229241.000 629986.000 896.038
5003 229242.000 629986.000 896.232
5004 229239.000 629987.000 895.537
5005 229240.000 629987.000 895.833
5006 229241.000 629987.000 896.054
5007 229242.000 629987.000 896.262
5008 229239.000 629988.000 895.593
5009 229240.000 629988.000 895.883
5010 229241.000 629988.000 896.099
5011 229242.000 629988.000 896.293
5012 229239.000 629989.000 895.649
5013 229240.000 629989.000 895.918
5014 229241.000 629989.000 896.147
5015 229242.000 629989.000 896.316
5016 229239.000 629990.000 895.697
5017 229240.000 629990.000 895.945
5018 229241.000 629990.000 896.162
5019 229242.000 629990.000 896.337
5020 229239.000 629991.000 895.715
5021 229240.000 629991.000 895.974
5022 229241.000 629991.000 896.172
5023 229242.000 629991.000 896.337
5024 229239.000 629992.000 895.638
5025 229240.000 629992.000 895.955
5026 229241.000 629992.000 896.156
5027 229242.000 629992.000 896.335
5028 229239.000 629993.000 895.561
5029 229240.000 629993.000 895.916
5030 229241.000 629993.000 896.124
5031 229242.000 629993.000 896.329
5032 229239.000 629994.000 895.525
5033 229240.000 629994.000 895.856
5034 229241.000 629994.000 896.086
5035 229242.000 629994.000 896.313
5036 229243.000 629994.000 896.520
5037 229238.000 629995.000 895.539
5038 229239.000 629995.000 895.679
5039 229240.000 629995.000 895.918
5040 229241.000 629995.000 896.101
5041 229242.000 629995.000 896.339
5042 229243.000 629995.000 896.542
5043 229238.000 629996.000 895.689
5044 229239.000 629996.000 895.832
5045 229240.000 629996.000 896.040
5046 229241.000 629996.000 896.222
5047 229242.000 629996.000 896.375
5048 229243.000 629996.000 896.572
5049 229244.000 629996.000 896.871
5050 229237.000 629997.000 895.731
5051 229238.000 629997.000 895.832
5052 229239.000 629997.000 895.949
5053 229240.000 629997.000 896.103
5054 229241.000 629997.000 896.256
5055 229242.000 629997.000 896.408
5056 229243.000 629997.000 896.619
5057 229244.000 629997.000 897.025
5058 229245.000 629997.000 897.109
5059 229236.000 629998.000 895.721
5060 229237.000 629998.000 895.835
5061 229238.000 629998.000 895.943
5062 229239.000 629998.000 896.059
5063 229240.000 629998.000 896.212
5064 229241.000 629998.000 896.358
5065 229242.000 629998.000 896.510
5066 229243.000 629998.000 896.685
5067 229244.000 629998.000 897.031
5068 229245.000 629998.000 897.136
5069 229246.000 629998.000 897.192
5070 229236.000 629999.000 895.835
5071 229237.000 629999.000 895.947
5072 229238.000 629999.000 896.059
5073 229239.000 629999.000 896.171
5074 229240.000 629999.000 896.311
5075 229241.000 629999.000 896.451
5076 229242.000 629999.000 896.613
5077 229243.000 629999.000 896.774
5078 229244.000 629999.000 897.042
5079 229245.000 629999.000 897.155
5080 229246.000 629999.000 897.209
5081 229247.000 629999.000 897.264
5082 229235.000 630000.000 895.776
5083 229236.000 630000.000 895.890
5084 229237.000 630000.000 896.035
5085 229238.000 630000.000 896.154
5086 229239.000 630000.000 896.267
5087 229240.000 630000.000 896.394
5088 229241.000 630000.000 896.552
5089 229242.000 630000.000 896.713
5090 229243.000 630000.000 897.009
5091 229244.000 630000.000 897.074
5092 229245.000 630000.000 897.170
5093 229246.000 630000.000 897.218
5094 229247.000 630000.000 897.270
5095 229234.000 630001.000 895.717
5096 229235.000 630001.000 895.814
5097 229236.000 630001.000 895.920
5098 229237.000 630001.000 896.066
5099 229238.000 630001.000 896.211
5100 229239.000 630001.000 896.351
5101 229240.000 630001.000 896.493
5102 229241.000 630001.000 896.651
5103 229242.000 630001.000 896.868
5104 229243.000 630001.000 897.050
5105 229244.000 630001.000 897.107
5106 229245.000 630001.000 897.182
5107 229246.000 630001.000 897.230
5108 229247.000 630001.000 897.277
5109 229234.000 630002.000 895.745
5110 229235.000 630002.000 895.836
5111 229236.000 630002.000 895.951
5112 229237.000 630002.000 896.096
5113 229238.000 630002.000 896.251
5114 229239.000 630002.000 896.407
5115 229240.000 630002.000 896.583
5116 229241.000 630002.000 896.750
5117 229242.000 630002.000 897.071
5118 229243.000 630002.000 897.090
5119 229244.000 630002.000 897.140
5120 229245.000 630002.000 897.193
5121 229246.000 630002.000 897.241
5122 229247.000 630002.000 897.289
5123 229234.000 630003.000 895.763
5124 229235.000 630003.000 895.856
5125 229236.000 630003.000 895.999
5126 229237.000 630003.000 896.160
5127 229238.000 630003.000 896.316
5128 229239.000 630003.000 896.477
5129 229240.000 630003.000 896.653
5130 229241.000 630003.000 897.075
5131 229242.000 630003.000 897.122
5132 229243.000 630003.000 897.134
5133 229244.000 630003.000 897.151
5134 229245.000 630003.000 897.206
5135 229246.000 630003.000 897.272
5136 229247.000 630003.000 897.338
5137 229233.000 630004.000 895.686
5138 229234.000 630004.000 895.780
5139 229235.000 630004.000 895.888
5140 229236.000 630004.000 896.059
5141 229237.000 630004.000 896.227
5142 229238.000 630004.000 896.373
5143 229239.000 630004.000 896.546
5144 229240.000 630004.000 896.735
5145 229241.000 630004.000 897.135
5146 229242.000 630004.000 897.185
5147 229243.000 630004.000 897.215
5148 229244.000 630004.000 897.226
5149 229245.000 630004.000 897.271
5150 229246.000 630004.000 897.335
5151 229247.000 630004.000 897.401
5152 229233.000 630005.000 895.703
5153 229234.000 630005.000 895.811
5154 229235.000 630005.000 895.945
5155 229236.000 630005.000 896.114
5156 229237.000 630005.000 896.277
5157 229238.000 630005.000 896.441
5158 229239.000 630005.000 896.632
5159 229240.000 630005.000 896.969
5160 229241.000 630005.000 897.172
5161 229242.000 630005.000 897.223
5162 229243.000 630005.000 897.273
5163 229244.000 630005.000 897.308
5164 229245.000 630005.000 897.342
5165 229246.000 630005.000 897.402
5166 229233.000 630006.000 895.735
5167 229234.000 630006.000 895.847
5168 229235.000 630006.000 895.999
5169 229236.000 630006.000 896.169
5170 229237.000 630006.000 896.347
5171 229238.000 630006.000 896.532
5172 229239.000 630006.000 896.722
5173 229240.000 630006.000 897.159
5174 229241.000 630006.000 897.210
5175 229242.000 630006.000 897.260
5176 229243.000 630006.000 897.310
5177 229244.000 630006.000 897.360
5178 229245.000 630006.000 897.408
5179 229246.000 630006.000 897.450
5180 229232.000 630007.000 895.719
5181 229233.000 630007.000 895.807
5182 229234.000 630007.000 895.917
5183 229235.000 630007.000 896.081
5184 229236.000 630007.000 896.259
5185 229237.000 630007.000 896.440
5186 229238.000 630007.000 896.627
5187 229239.000 630007.000 896.878
5188 229240.000 630007.000 897.178
5189 229241.000 630007.000 897.220
5190 229242.000 630007.000 897.262
5191 229243.000 630007.000 897.306
5192 229244.000 630007.000 897.375
5193 229245.000 630007.000 897.430
5194 229246.000 630007.000 897.473
5195 229231.000 630008.000 895.711
5196 229232.000 630008.000 895.787
5197 229233.000 630008.000 895.879
5198 229234.000 630008.000 896.033
5199 229235.000 630008.000 896.171
5200 229236.000 630008.000 896.350
5201 229237.000 630008.000 896.535
5202 229238.000 630008.000 896.722
5203 229239.000 630008.000 897.130
5204 229240.000 630008.000 897.162
5205 229241.000 630008.000 897.202
5206 229242.000 630008.000 897.266
5207 229243.000 630008.000 897.338
5208 229244.000 630008.000 897.393
5209 229245.000 630008.000 897.448
5210 229246.000 630008.000 897.495
5211 229230.000 630009.000 895.704
5212 229231.000 630009.000 895.780
5213 229232.000 630009.000 895.856
5214 229233.000 630009.000 895.994
5215 229234.000 630009.000 896.150
5216 229235.000 630009.000 896.270
5217 229236.000 630009.000 896.443
5218 229237.000 630009.000 896.630
5219 229238.000 630009.000 896.902
5220 229239.000 630009.000 897.128
5221 229240.000 630009.000 897.162
5222 229241.000 630009.000 897.229
5223 229242.000 630009.000 897.299
5224 229243.000 630009.000 897.357
5225 229244.000 630009.000 897.412
5226 229245.000 630009.000 897.467
5227 229246.000 630009.000 897.518
5228 229228.000 630010.000 895.668
5229 229229.000 630010.000 895.708
5230 229230.000 630010.000 895.784
5231 229231.000 630010.000 895.859
5232 229232.000 630010.000 895.965
5233 229233.000 630010.000 896.114
5234 229234.000 630010.000 896.268
5235 229235.000 630010.000 896.384
5236 229236.000 630010.000 896.538
5237 229237.000 630010.000 896.725
5238 229238.000 630010.000 897.105
5239 229239.000 630010.000 897.140
5240 229240.000 630010.000 897.185
5241 229241.000 630010.000 897.268
5242 229242.000 630010.000 897.323
5243 229243.000 630010.000 897.376
5244 229244.000 630010.000 897.430
5245 229245.000 630010.000 897.485
5246 229246.000 630010.000 897.540
5247 229226.000 630011.000 895.701
5248 229227.000 630011.000 895.733
5249 229228.000 630011.000 895.764
5250 229229.000 630011.000 895.799
5251 229230.000 630011.000 895.875
5252 229231.000 630011.000 895.993
5253 229232.000 630011.000 896.113
5254 229233.000 630011.000 896.235
5255 229234.000 630011.000 896.378
5256 229235.000 630011.000 896.530
5257 229236.000 630011.000 896.683
5258 229237.000 630011.000 896.936
5259 229238.000 630011.000 897.086
5260 229239.000 630011.000 897.147
5261 229240.000 630011.000 897.226
5262 229241.000 630011.000 897.303
5263 229242.000 630011.000 897.344
5264 229243.000 630011.000 897.387
5265 229244.000 630011.000 897.397
5266 229245.000 630011.000 897.445
5267 229246.000 630011.000 897.520
5268 229221.000 630012.000 895.641
5269 229222.000 630012.000 895.674
5270 229223.000 630012.000 895.707
5271 229224.000 630012.000 895.738
5272 229225.000 630012.000 895.759
5273 229226.000 630012.000 895.792
5274 229227.000 630012.000 895.824
5275 229228.000 630012.000 895.856
5276 229229.000 630012.000 895.904
5277 229230.000 630012.000 896.013
5278 229231.000 630012.000 896.132
5279 229232.000 630012.000 896.251
5280 229233.000 630012.000 896.371
5281 229234.000 630012.000 896.500
5282 229235.000 630012.000 896.642
5283 229236.000 630012.000 896.785
5284 229237.000 630012.000 897.065
5285 229238.000 630012.000 897.136
5286 229239.000 630012.000 897.181
5287 229240.000 630012.000 897.272
5288 229241.000 630012.000 897.322
5289 229242.000 630012.000 897.364
5290 229243.000 630012.000 897.363
5291 229244.000 630012.000 897.381
5292 229245.000 630012.000 897.434
5293 229246.000 630012.000 897.579
5294 229219.000 630013.000 895.690
5295 229220.000 630013.000 895.734
5296 229221.000 630013.000 895.752
5297 229222.000 630013.000 895.785
5298 229223.000 630013.000 895.814
5299 229224.000 630013.000 895.827
5300 229225.000 630013.000 895.840
5301 229226.000 630013.000 895.870
5302 229227.000 630013.000 895.916
5303 229228.000 630013.000 895.985
5304 229229.000 630013.000 896.053
5305 229230.000 630013.000 896.126
5306 229231.000 630013.000 896.245
5307 229232.000 630013.000 896.364
5308 229233.000 630013.000 896.494
5309 229234.000 630013.000 896.615
5310 229235.000 630013.000 896.745
5311 229236.000 630013.000 897.009
5312 229237.000 630013.000 897.111
5313 229238.000 630013.000 897.187
5314 229239.000 630013.000 897.250
5315 229240.000 630013.000 897.310
5316 229241.000 630013.000 897.343
5317 229242.000 630013.000 897.356
5318 229243.000 630013.000 897.338
5319 229244.000 630013.000 897.395
5320 229245.000 630013.000 897.497
5321 229219.000 630014.000 895.754
5322 229220.000 630014.000 895.892
5323 229221.000 630014.000 895.894
5324 229222.000 630014.000 895.896
5325 229223.000 630014.000 895.907
5326 229224.000 630014.000 895.920
5327 229225.000 630014.000 895.934
5328 229226.000 630014.000 895.999
5329 229227.000 630014.000 896.068
5330 229228.000 630014.000 896.137
5331 229229.000 630014.000 896.200
5332 229230.000 630014.000 896.269
5333 229231.000 630014.000 896.358
5334 229232.000 630014.000 896.487
5335 229233.000 630014.000 896.620
5336 229234.000 630014.000 896.744
5337 229235.000 630014.000 896.948
5338 229236.000 630014.000 897.055
5339 229237.000 630014.000 897.157
5340 229238.000 630014.000 897.237
5341 229239.000 630014.000 897.300
5342 229240.000 630014.000 897.325
5343 229241.000 630014.000 897.341
5344 229242.000 630014.000 897.371
5345 229243.000 630014.000 897.360
5346 229244.000 630014.000 897.436
5347 229245.000 630014.000 897.541
5348 229218.000 630015.000 895.540
5349 229219.000 630015.000 895.877
5350 229220.000 630015.000 895.945
5351 229221.000 630015.000 895.995
5352 229222.000 630015.000 895.999
5353 229223.000 630015.000 896.008
5354 229224.000 630015.000 896.021
5355 229225.000 630015.000 896.065
5356 229226.000 630015.000 896.158
5357 229227.000 630015.000 896.223
5358 229228.000 630015.000 896.273
5359 229229.000 630015.000 896.337
5360 229230.000 630015.000 896.410
5361 229231.000 630015.000 896.500
5362 229232.000 630015.000 896.630
5363 229233.000 630015.000 896.761
5364 229234.000 630015.000 896.989
5365 229235.000 630015.000 897.039
5366 229236.000 630015.000 897.112
5367 229237.000 630015.000 897.205
5368 229238.000 630015.000 897.291
5369 229239.000 630015.000 897.307
5370 229240.000 630015.000 897.323
5371 229241.000 630015.000 897.341
5372 229242.000 630015.000 897.374
5373 229243.000 630015.000 897.382
5374 229244.000 630015.000 897.472
5375 229245.000 630015.000 897.560
5376 229218.000 630016.000 895.602
5377 229219.000 630016.000 895.886
5378 229220.000 630016.000 895.952
5379 229221.000 630016.000 896.017
5380 229222.000 630016.000 896.094
5381 229223.000 630016.000 896.110
5382 229224.000 630016.000 896.122
5383 229225.000 630016.000 896.214
5384 229226.000 630016.000 896.284
5385 229227.000 630016.000 896.346
5386 229228.000 630016.000 896.405
5387 229229.000 630016.000 896.484
5388 229230.000 630016.000 896.563
5389 229231.000 630016.000 896.660
5390 229232.000 630016.000 896.790
5391 229233.000 630016.000 897.017
5392 229234.000 630016.000 897.060
5393 229235.000 630016.000 897.103
5394 229236.000 630016.000 897.171
5395 229237.000 630016.000 897.246
5396 229238.000 630016.000 897.313
5397 229239.000 630016.000 897.305
5398 229240.000 630016.000 897.321
5399 229241.000 630016.000 897.343
5400 229242.000 630016.000 897.376
5401 229243.000 630016.000 897.405
5402 229244.000 630016.000 897.492
5403 229245.000 630016.000 897.576
5404 229218.000 630017.000 895.580
5405 229219.000 630017.000 895.816
5406 229220.000 630017.000 895.928
5407 229221.000 630017.000 896.001
5408 229222.000 630017.000 896.079
5409 229223.000 630017.000 896.163
5410 229224.000 630017.000 896.251
5411 229225.000 630017.000 896.323
5412 229226.000 630017.000 896.390
5413 229227.000 630017.000 896.474
5414 229228.000 630017.000 896.557
5415 229229.000 630017.000 896.636
5416 229230.000 630017.000 896.716
5417 229231.000 630017.000 896.850
5418 229232.000 630017.000 897.045
5419 229233.000 630017.000 897.085
5420 229234.000 630017.000 897.124
5421 229235.000 630017.000 897.163
5422 229236.000 630017.000 897.217
5423 229237.000 630017.000 897.274
5424 229238.000 630017.000 897.339
5425 229239.000 630017.000 897.337
5426 229240.000 630017.000 897.323
5427 229241.000 630017.000 897.377
5428 229242.000 630017.000 897.488
5429 229243.000 630017.000 897.553
5430 229244.000 630017.000 897.514
5431 229218.000 630018.000 895.608
5432 229219.000 630018.000 895.765
5433 229220.000 630018.000 895.948
5434 229221.000 630018.000 896.068
5435 229222.000 630018.000 896.176
5436 229223.000 630018.000 896.283
5437 229224.000 630018.000 896.363
5438 229225.000 630018.000 896.440
5439 229226.000 630018.000 896.534
5440 229227.000 630018.000 896.627
5441 229228.000 630018.000 896.708
5442 229229.000 630018.000 896.788
5443 229230.000 630018.000 897.042
5444 229231.000 630018.000 897.063
5445 229232.000 630018.000 897.103
5446 229233.000 630018.000 897.141
5447 229234.000 630018.000 897.180
5448 229235.000 630018.000 897.221
5449 229236.000 630018.000 897.279
5450 229237.000 630018.000 897.342
5451 229238.000 630018.000 897.411
5452 229239.000 630018.000 897.399
5453 229240.000 630018.000 897.388
5454 229241.000 630018.000 897.608
5455 229242.000 630018.000 897.719
5456 229243.000 630018.000 897.730
5457 229244.000 630018.000 897.684
5458 229218.000 630019.000 895.651
5459 229219.000 630019.000 895.798
5460 229220.000 630019.000 895.995
5461 229221.000 630019.000 896.175
5462 229222.000 630019.000 896.289
5463 229223.000 630019.000 896.403
5464 229224.000 630019.000 896.500
5465 229225.000 630019.000 896.593
5466 229226.000 630019.000 896.686
5467 229227.000 630019.000 896.780
5468 229228.000 630019.000 897.070
5469 229229.000 630019.000 897.067
5470 229230.000 630019.000 897.086
5471 229231.000 630019.000 897.110
5472 229232.000 630019.000 897.153
5473 229233.000 630019.000 897.196
5474 229234.000 630019.000 897.236
5475 229235.000 630019.000 897.283
5476 229236.000 630019.000 897.398
5477 229237.000 630019.000 897.490
5478 229238.000 630019.000 897.479
5479 229239.000 630019.000 897.468
5480 229240.000 630019.000 897.457
5481 229241.000 630019.000 897.717
5482 229242.000 630019.000 897.947
5483 229243.000 630019.000 897.868
5484 229244.000 630019.000 897.761
5485 229217.000 630020.000 895.550
5486 229218.000 630020.000 895.697
5487 229219.000 630020.000 895.896
5488 229220.000 630020.000 896.073
5489 229221.000 630020.000 896.290
5490 229222.000 630020.000 896.413
5491 229223.000 630020.000 896.548
5492 229224.000 630020.000 896.652
5493 229225.000 630020.000 896.745
5494 229226.000 630020.000 896.960
5495 229227.000 630020.000 897.098
5496 229228.000 630020.000 897.103
5497 229229.000 630020.000 897.114
5498 229230.000 630020.000 897.132
5499 229231.000 630020.000 897.157
5500 229232.000 630020.000 897.200
5501 229233.000 630020.000 897.243
5502 229234.000 630020.000 897.320
5503 229235.000 630020.000 897.385
5504 229236.000 630020.000 897.502
5505 229237.000 630020.000 897.595
5506 229238.000 630020.000 897.569
5507 229239.000 630020.000 897.543
5508 229240.000 630020.000 897.533
5509 229241.000 630020.000 897.795
5510 229242.000 630020.000 898.048
5511 229243.000 630020.000 897.945
5512 229244.000 630020.000 897.838
5513 229216.000 630021.000 895.543
5514 229217.000 630021.000 895.679
5515 229218.000 630021.000 895.876
5516 229219.000 630021.000 896.141
5517 229220.000 630021.000 896.263
5518 229221.000 630021.000 896.429
5519 229222.000 630021.000 896.564
5520 229223.000 630021.000 896.695
5521 229224.000 630021.000 896.804
5522 229225.000 630021.000 897.071
5523 229226.000 630021.000 897.112
5524 229227.000 630021.000 897.159
5525 229228.000 630021.000 897.173
5526 229229.000 630021.000 897.181
5527 229230.000 630021.000 897.190
5528 229231.000 630021.000 897.230
5529 229232.000 630021.000 897.308
5530 229233.000 630021.000 897.386
5531 229234.000 630021.000 897.468
5532 229235.000 630021.000 897.543
5533 229236.000 630021.000 897.586
5534 229237.000 630021.000 897.695
5535 229238.000 630021.000 897.694
5536 229239.000 630021.000 897.668
5537 229240.000 630021.000 897.695
5538 229241.000 630021.000 897.828
5539 229242.000 630021.000 898.115
5540 229243.000 630021.000 898.015
5541 229244.000 630021.000 897.996
5542 229215.000 630022.000 895.606
5543 229216.000 630022.000 895.700
5544 229217.000 630022.000 895.862
5545 229218.000 630022.000 896.063
5546 229219.000 630022.000 896.266
5547 229220.000 630022.000 896.453
5548 229221.000 630022.000 896.595
5549 229222.000 630022.000 896.740
5550 229223.000 630022.000 897.014
5551 229224.000 630022.000 897.099
5552 229225.000 630022.000 897.121
5553 229226.000 630022.000 897.167
5554 229227.000 630022.000 897.216
5555 229228.000 630022.000 897.242
5556 229229.000 630022.000 897.279
5557 229230.000 630022.000 897.327
5558 229231.000 630022.000 897.376
5559 229232.000 630022.000 897.451
5560 229233.000 630022.000 897.529
5561 229234.000 630022.000 897.617
5562 229235.000 630022.000 897.702
5563 229236.000 630022.000 897.745
5564 229237.000 630022.000 897.787
5565 229238.000 630022.000 897.820
5566 229239.000 630022.000 897.868
5567 229240.000 630022.000 897.928
5568 229241.000 630022.000 897.988
5569 229242.000 630022.000 898.147
5570 229243.000 630022.000 898.143
5571 229244.000 630022.000 898.323
5572 229213.000 630023.000 895.575
5573 229214.000 630023.000 895.669
5574 229215.000 630023.000 895.763
5575 229216.000 630023.000 895.858
5576 229217.000 630023.000 896.069
5577 229218.000 630023.000 896.279
5578 229219.000 630023.000 896.468
5579 229220.000 630023.000 896.645
5580 229221.000 630023.000 896.809
5581 229222.000 630023.000 897.052
5582 229223.000 630023.000 897.145
5583 229224.000 630023.000 897.225
5584 229225.000 630023.000 897.242
5585 229226.000 630023.000 897.306
5586 229227.000 630023.000 897.353
5587 229228.000 630023.000 897.403
5588 229229.000 630023.000 897.441
5589 229230.000 630023.000 897.480
5590 229231.000 630023.000 897.529
5591 229232.000 630023.000 897.595
5592 229233.000 630023.000 897.679
5593 229234.000 630023.000 897.766
5594 229235.000 630023.000 897.854
5595 229236.000 630023.000 897.903
5596 229237.000 630023.000 897.954
5597 229238.000 630023.000 897.969
5598 229239.000 630023.000 898.037
5599 229240.000 630023.000 898.106
5600 229241.000 630023.000 898.174
5601 229242.000 630023.000 898.241
5602 229243.000 630023.000 898.346
5603 229244.000 630023.000 898.451
5604 229204.000 630024.000 895.594
5605 229205.000 630024.000 895.632
5606 229206.000 630024.000 895.653
5607 229207.000 630024.000 895.673
5608 229208.000 630024.000 895.694
5609 229209.000 630024.000 895.715
5610 229210.000 630024.000 895.732
5611 229211.000 630024.000 895.749
5612 229212.000 630024.000 895.750
5613 229213.000 630024.000 895.735
5614 229214.000 630024.000 895.824
5615 229215.000 630024.000 895.937
5616 229216.000 630024.000 896.064
5617 229217.000 630024.000 896.284
5618 229218.000 630024.000 896.481
5619 229219.000 630024.000 896.656
5620 229220.000 630024.000 896.916
5621 229221.000 630024.000 897.046
5622 229222.000 630024.000 897.103
5623 229223.000 630024.000 897.245
5624 229224.000 630024.000 897.341
5625 229225.000 630024.000 897.383
5626 229226.000 630024.000 897.478
5627 229227.000 630024.000 897.526
5628 229228.000 630024.000 897.580
5629 229229.000 630024.000 897.628
5630 229230.000 630024.000 897.659
5631 229231.000 630024.000 897.691
5632 229232.000 630024.000 897.740
5633 229233.000 630024.000 897.830
5634 229234.000 630024.000 897.925
5635 229235.000 630024.000 898.021
5636 229236.000 630024.000 898.085
5637 229237.000 630024.000 898.146
5638 229238.000 630024.000 898.162
5639 229239.000 630024.000 898.150
5640 229240.000 630024.000 898.218
5641 229241.000 630024.000 898.286
5642 229242.000 630024.000 898.339
5643 229243.000 630024.000 898.435
5644 229244.000 630024.000 898.505
5645 229204.000 630025.000 895.690
5646 229205.000 630025.000 895.752
5647 229206.000 630025.000 895.813
5648 229207.000 630025.000 895.874
5649 229208.000 630025.000 895.904
5650 229209.000 630025.000 895.916
5651 229210.000 630025.000 895.929
5652 229211.000 630025.000 895.932
5653 229212.000 630025.000 895.919
5654 229213.000 630025.000 895.908
5655 229214.000 630025.000 896.031
5656 229215.000 630025.000 896.161
5657 229216.000 630025.000 896.288
5658 229217.000 630025.000 896.485
5659 229218.000 630025.000 896.661
5660 229219.000 630025.000 896.900
5661 229220.000 630025.000 897.047
5662 229221.000 630025.000 897.074
5663 229222.000 630025.000 897.193
5664 229223.000 630025.000 897.313
5665 229224.000 630025.000 897.439
5666 229225.000 630025.000 897.546
5667 229226.000 630025.000 897.647
5668 229227.000 630025.000 897.703
5669 229228.000 630025.000 897.756
5670 229229.000 630025.000 897.810
5671 229230.000 630025.000 897.846
5672 229231.000 630025.000 897.886
5673 229232.000 630025.000 897.970
5674 229233.000 630025.000 898.042
5675 229234.000 630025.000 898.138
5676 229235.000 630025.000 898.224
5677 229236.000 630025.000 898.274
5678 229237.000 630025.000 898.338
5679 229238.000 630025.000 898.378
5680 229239.000 630025.000 898.262
5681 229240.000 630025.000 898.330
5682 229241.000 630025.000 898.387
5683 229242.000 630025.000 898.438
5684 229243.000 630025.000 898.491
5685 229244.000 630025.000 898.559
5686 229245.000 630025.000 898.627
5687 229203.000 630026.000 895.591
5688 229204.000 630026.000 895.785
5689 229205.000 630026.000 895.847
5690 229206.000 630026.000 895.893
5691 229207.000 630026.000 895.925
5692 229208.000 630026.000 895.970
5693 229209.000 630026.000 896.018
5694 229210.000 630026.000 896.062
5695 229211.000 630026.000 896.068
5696 229212.000 630026.000 896.081
5697 229213.000 630026.000 896.109
5698 229214.000 630026.000 896.152
5699 229215.000 630026.000 896.326
5700 229216.000 630026.000 896.488
5701 229217.000 630026.000 896.664
5702 229218.000 630026.000 896.885
5703 229219.000 630026.000 897.059
5704 229220.000 630026.000 897.131
5705 229221.000 630026.000 897.233
5706 229222.000 630026.000 897.391
5707 229223.000 630026.000 897.531
5708 229224.000 630026.000 897.647
5709 229225.000 630026.000 897.740
5710 229226.000 630026.000 897.899
5711 229227.000 630026.000 897.923
5712 229228.000 630026.000 897.955
5713 229229.000 630026.000 897.987
5714 229230.000 630026.000 898.041
5715 229231.000 630026.000 898.134
5716 229232.000 630026.000 898.227
5717 229233.000 630026.000 898.255
5718 229234.000 630026.000 898.350
5719 229235.000 630026.000 898.418
5720 229236.000 630026.000 898.461
5721 229237.000 630026.000 898.528
5722 229238.000 630026.000 898.592
5723 229239.000 630026.000 898.400
5724 229240.000 630026.000 898.435
5725 229241.000 630026.000 898.493
5726 229242.000 630026.000 898.552
5727 229243.000 630026.000 898.607
5728 229244.000 630026.000 898.656
5729 229245.000 630026.000 898.705
5730 229203.000 630027.000 895.702
5731 229204.000 630027.000 895.879
5732 229205.000 630027.000 895.911
5733 229206.000 630027.000 895.944
5734 229207.000 630027.000 895.976
5735 229208.000 630027.000 896.021
5736 229209.000 630027.000 896.070
5737 229210.000 630027.000 896.118
5738 229211.000 630027.000 896.182
5739 229212.000 630027.000 896.219
5740 229213.000 630027.000 896.262
5741 229214.000 630027.000 896.305
5742 229215.000 630027.000 896.427
5743 229216.000 630027.000 896.588
5744 229217.000 630027.000 896.841
5745 229218.000 630027.000 897.124
5746 229219.000 630027.000 897.178
5747 229220.000 630027.000 897.263
5748 229221.000 630027.000 897.422
5749 229222.000 630027.000 897.581
5750 229223.000 630027.000 897.740
5751 229224.000 630027.000 897.926
5752 229225.000 630027.000 898.118
5753 229226.000 630027.000 898.192
5754 229227.000 630027.000 898.208
5755 229228.000 630027.000 898.240
5756 229229.000 630027.000 898.272
5757 229230.000 630027.000 898.334
5758 229231.000 630027.000 898.382
5759 229232.000 630027.000 898.475
5760 229233.000 630027.000 898.477
5761 229234.000 630027.000 898.562
5762 229235.000 630027.000 898.612
5763 229236.000 630027.000 898.652
5764 229237.000 630027.000 898.714
5765 229238.000 630027.000 898.832
5766 229239.000 630027.000 898.639
5767 229240.000 630027.000 898.594
5768 229241.000 630027.000 898.608
5769 229242.000 630027.000 898.667
5770 229243.000 630027.000 898.723
5771 229244.000 630027.000 898.772
5772 229245.000 630027.000 898.876
5773 229246.000 630027.000 899.039
5774 229202.000 630028.000 895.557
5775 229203.000 630028.000 895.784
5776 229204.000 630028.000 895.928
5777 229205.000 630028.000 895.963
5778 229206.000 630028.000 895.995
5779 229207.000 630028.000 896.027
5780 229208.000 630028.000 896.072
5781 229209.000 630028.000 896.127
5782 229210.000 630028.000 896.201
5783 229211.000 630028.000 896.268
5784 229212.000 630028.000 896.292
5785 229213.000 630028.000 896.330
5786 229214.000 630028.000 896.382
5787 229215.000 630028.000 896.537
5788 229216.000 630028.000 896.739
5789 229217.000 630028.000 897.115
5790 229218.000 630028.000 897.176
5791 229219.000 630028.000 897.259
5792 229220.000 630028.000 897.464
5793 229221.000 630028.000 897.643
5794 229222.000 630028.000 897.826
5795 229223.000 630028.000 898.082
5796 229224.000 630028.000 898.313
5797 229225.000 630028.000 898.474
5798 229226.000 630028.000 898.486
5799 229227.000 630028.000 898.498
5800 229228.000 630028.000 898.525
5801 229229.000 630028.000 898.586
5802 229230.000 630028.000 898.651
5803 229231.000 630028.000 898.695
5804 229232.000 630028.000 898.740
5805 229233.000 630028.000 898.751
5806 229234.000 630028.000 898.766
5807 229235.000 630028.000 898.806
5808 229236.000 630028.000 898.846
5809 229237.000 630028.000 898.948
5810 229238.000 630028.000 899.100
5811 229239.000 630028.000 898.881
5812 229240.000 630028.000 898.844
5813 229241.000 630028.000 898.847
5814 229242.000 630028.000 898.851
5815 229243.000 630028.000 898.856
5816 229244.000 630028.000 898.965
5817 229245.000 630028.000 899.070
5818 229246.000 630028.000 899.208
5819 229247.000 630028.000 899.584
5820 229202.000 630029.000 895.616
5821 229203.000 630029.000 895.843
5822 229204.000 630029.000 895.950
5823 229205.000 630029.000 896.009
5824 229206.000 630029.000 896.044
5825 229207.000 630029.000 896.078
5826 229208.000 630029.000 896.135
5827 229209.000 630029.000 896.210
5828 229210.000 630029.000 896.284
5829 229211.000 630029.000 896.354
5830 229212.000 630029.000 896.378
5831 229213.000 630029.000 896.402
5832 229214.000 630029.000 896.489
5833 229215.000 630029.000 896.613
5834 229216.000 630029.000 897.004
5835 229217.000 630029.000 897.212
5836 229218.000 630029.000 897.260
5837 229219.000 630029.000 897.486
5838 229220.000 630029.000 897.701
5839 229221.000 630029.000 897.912
5840 229222.000 630029.000 898.193
5841 229223.000 630029.000 898.442
5842 229224.000 630029.000 898.681
5843 229225.000 630029.000 898.781
5844 229226.000 630029.000 898.798
5845 229227.000 630029.000 898.814
5846 229228.000 630029.000 898.817
5847 229229.000 630029.000 898.881
5848 229230.000 630029.000 898.973
5849 229231.000 630029.000 899.138
5850 229232.000 630029.000 899.229
5851 229233.000 630029.000 899.005
5852 229234.000 630029.000 898.986
5853 229235.000 630029.000 899.029
5854 229236.000 630029.000 899.033
5855 229237.000 630029.000 899.095
5856 229238.000 630029.000 899.298
5857 229239.000 630029.000 899.124
5858 229240.000 630029.000 899.094
5859 229241.000 630029.000 899.091
5860 229242.000 630029.000 899.053
5861 229243.000 630029.000 899.046
5862 229244.000 630029.000 899.134
5863 229245.000 630029.000 899.250
5864 229246.000 630029.000 899.401
5865 229247.000 630029.000 899.754
5866 229202.000 630030.000 895.673
5867 229203.000 630030.000 895.885
5868 229204.000 630030.000 895.972
5869 229205.000 630030.000 896.043
5870 229206.000 630030.000 896.078
5871 229207.000 630030.000 896.138
5872 229208.000 630030.000 896.220
5873 229209.000 630030.000 896.294
5874 229210.000 630030.000 896.368
5875 229211.000 630030.000 896.441
5876 229212.000 630030.000 896.477
5877 229213.000 630030.000 896.507
5878 229214.000 630030.000 896.555
5879 229215.000 630030.000 896.675
5880 229216.000 630030.000 897.140
5881 229217.000 630030.000 897.290
5882 229218.000 630030.000 897.530
5883 229219.000 630030.000 897.788
5884 229220.000 630030.000 898.039
5885 229221.000 630030.000 898.209
5886 229222.000 630030.000 898.462
5887 229223.000 630030.000 898.719
5888 229224.000 630030.000 899.046
5889 229225.000 630030.000 899.231
5890 229226.000 630030.000 899.193
5891 229227.000 630030.000 899.119
5892 229228.000 630030.000 899.058
5893 229229.000 630030.000 899.307
5894 229230.000 630030.000 899.588
5895 229231.000 630030.000 899.468
5896 229232.000 630030.000 899.722
5897 229233.000 630030.000 899.502
5898 229234.000 630030.000 899.188
5899 229235.000 630030.000 899.191
5900 229236.000 630030.000 899.194
5901 229237.000 630030.000 899.197
5902 229238.000 630030.000 899.354
5903 229239.000 630030.000 899.343
5904 229240.000 630030.000 899.307
5905 229241.000 630030.000 899.269
5906 229242.000 630030.000 899.230
5907 229243.000 630030.000 899.242
5908 229244.000 630030.000 899.297
5909 229245.000 630030.000 899.413
5910 229246.000 630030.000 899.714
5911 229202.000 630031.000 895.728
5912 229203.000 630031.000 895.907
5913 229204.000 630031.000 895.998
5914 229205.000 630031.000 896.071
5915 229206.000 630031.000 896.122
5916 229207.000 630031.000 896.220
5917 229208.000 630031.000 896.305
5918 229209.000 630031.000 896.379
5919 229210.000 630031.000 896.452
5920 229211.000 630031.000 896.523
5921 229212.000 630031.000 896.593
5922 229213.000 630031.000 896.623
5923 229214.000 630031.000 896.678
5924 229215.000 630031.000 896.922
5925 229216.000 630031.000 897.226
5926 229217.000 630031.000 897.386
5927 229218.000 630031.000 897.655
5928 229219.000 630031.000 897.931
5929 229220.000 630031.000 898.180
5930 229221.000 630031.000 898.446
5931 229222.000 630031.000 898.648
5932 229223.000 630031.000 898.901
5933 229224.000 630031.000 899.198
5934 229225.000 630031.000 899.498
5935 229226.000 630031.000 899.429
5936 229227.000 630031.000 899.359
5937 229228.000 630031.000 899.275
5938 229229.000 630031.000 899.835
5939 229230.000 630031.000 900.161
5940 229231.000 630031.000 899.693
5941 229232.000 630031.000 899.902
5942 229233.000 630031.000 899.874
5943 229234.000 630031.000 899.507
5944 229235.000 630031.000 899.445
5945 229236.000 630031.000 899.384
5946 229237.000 630031.000 899.358
5947 229238.000 630031.000 899.410
5948 229239.000 630031.000 899.399
5949 229240.000 630031.000 899.387
5950 229241.000 630031.000 899.367
5951 229242.000 630031.000 899.358
5952 229243.000 630031.000 899.423
5953 229244.000 630031.000 899.474
5954 229202.000 630032.000 895.784
5955 229203.000 630032.000 895.931
5956 229204.000 630032.000 896.025
5957 229205.000 630032.000 896.106
5958 229206.000 630032.000 896.204
5959 229207.000 630032.000 896.302
5960 229208.000 630032.000 896.390
5961 229209.000 630032.000 896.463
5962 229210.000 630032.000 896.533
5963 229211.000 630032.000 896.604
5964 229212.000 630032.000 896.675
5965 229213.000 630032.000 896.775
5966 229214.000 630032.000 897.001
5967 229215.000 630032.000 897.181
5968 229216.000 630032.000 897.358
5969 229217.000 630032.000 897.487
5970 229218.000 630032.000 897.733
5971 229219.000 630032.000 897.982
5972 229220.000 630032.000 898.232
5973 229221.000 630032.000 898.579
5974 229222.000 630032.000 899.043
5975 229223.000 630032.000 899.169
5976 229224.000 630032.000 899.357
5977 229225.000 630032.000 899.601
5978 229226.000 630032.000 899.636
5979 229227.000 630032.000 899.545
5980 229228.000 630032.000 899.494
5981 229229.000 630032.000 900.053
5982 229230.000 630032.000 900.268
5983 229231.000 630032.000 899.961
5984 229232.000 630032.000 900.057
5985 229233.000 630032.000 900.076
5986 229234.000 630032.000 899.829
5987 229235.000 630032.000 899.767
5988 229236.000 630032.000 899.659
5989 229237.000 630032.000 899.552
5990 229238.000 630032.000 899.453
5991 229239.000 630032.000 899.447
5992 229240.000 630032.000 899.444
5993 229241.000 630032.000 899.429
5994 229242.000 630032.000 899.476
5995 229243.000 630032.000 899.548
5996 229201.000 630033.000 895.563
5997 229202.000 630033.000 895.830
5998 229203.000 630033.000 895.945
5999 229204.000 630033.000 896.037
6000 229205.000 630033.000 896.155
6001 229206.000 630033.000 896.258
6002 229207.000 630033.000 896.362
6003 229208.000 630033.000 896.471
6004 229209.000 630033.000 896.546
6005 229210.000 630033.000 896.618
6006 229211.000 630033.000 896.689
6007 229212.000 630033.000 896.760
6008 229213.000 630033.000 896.936
6009 229214.000 630033.000 897.082
6010 229215.000 630033.000 897.319
6011 229216.000 630033.000 897.531
6012 229217.000 630033.000 897.639
6013 229218.000 630033.000 897.780
6014 229219.000 630033.000 898.033
6015 229220.000 630033.000 898.283
6016 229221.000 630033.000 898.742
6017 229222.000 630033.000 899.309
6018 229223.000 630033.000 899.607
6019 229224.000 630033.000 899.794
6020 229225.000 630033.000 899.856
6021 229226.000 630033.000 899.797
6022 229227.000 630033.000 899.721
6023 229228.000 630033.000 899.720
6024 229229.000 630033.000 900.182
6025 229230.000 630033.000 900.376
6026 229231.000 630033.000 900.274
6027 229232.000 630033.000 900.202
6028 229233.000 630033.000 900.250
6029 229234.000 630033.000 899.986
6030 229235.000 630033.000 899.851
6031 229236.000 630033.000 899.730
6032 229237.000 630033.000 899.631
6033 229238.000 630033.000 899.535
6034 229239.000 630033.000 899.441
6035 229240.000 630033.000 899.449
6036 229241.000 630033.000 899.544
6037 229242.000 630033.000 899.619
6038 229243.000 630033.000 899.694
6039 229201.000 630034.000 895.618
6040 229202.000 630034.000 895.847
6041 229203.000 630034.000 895.952
6042 229204.000 630034.000 896.067
6043 229205.000 630034.000 896.189
6044 229206.000 630034.000 896.294
6045 229207.000 630034.000 896.398
6046 229208.000 630034.000 896.512
6047 229209.000 630034.000 896.629
6048 229210.000 630034.000 896.703
6049 229211.000 630034.000 896.774
6050 229212.000 630034.000 896.907
6051 229213.000 630034.000 897.015
6052 229214.000 630034.000 897.191
6053 229215.000 630034.000 897.458
6054 229216.000 630034.000 897.694
6055 229217.000 630034.000 897.791
6056 229218.000 630034.000 897.885
6057 229219.000 630034.000 898.081
6058 229220.000 630034.000 898.351
6059 229221.000 630034.000 898.739
6060 229222.000 630034.000 899.247
6061 229223.000 630034.000 899.501
6062 229224.000 630034.000 899.696
6063 229225.000 630034.000 899.922
6064 229226.000 630034.000 899.910
6065 229227.000 630034.000 899.851
6066 229228.000 630034.000 899.967
6067 229229.000 630034.000 900.376
6068 229230.000 630034.000 900.569
6069 229231.000 630034.000 900.406
6070 229232.000 630034.000 900.292
6071 229233.000 630034.000 900.363
6072 229234.000 630034.000 900.120
6073 229235.000 630034.000 899.985
6074 229236.000 630034.000 899.852
6075 229237.000 630034.000 899.744
6076 229238.000 630034.000 899.634
6077 229239.000 630034.000 899.524
6078 229240.000 630034.000 899.442
6079 229241.000 630034.000 899.690
6080 229242.000 630034.000 899.765
6081 229201.000 630035.000 895.648
6082 229202.000 630035.000 895.863
6083 229203.000 630035.000 895.976
6084 229204.000 630035.000 896.098
6085 229205.000 630035.000 896.220
6086 229206.000 630035.000 896.330
6087 229207.000 630035.000 896.436
6088 229208.000 630035.000 896.553
6089 229209.000 630035.000 896.670
6090 229210.000 630035.000 896.787
6091 229211.000 630035.000 896.883
6092 229212.000 630035.000 896.987
6093 229213.000 630035.000 897.095
6094 229214.000 630035.000 897.330
6095 229215.000 630035.000 897.635
6096 229216.000 630035.000 897.864
6097 229217.000 630035.000 897.872
6098 229218.000 630035.000 897.971
6099 229219.000 630035.000 898.174
6100 229220.000 630035.000 898.463
6101 229221.000 630035.000 898.762
6102 229222.000 630035.000 899.062
6103 229223.000 630035.000 899.270
6104 229224.000 630035.000 899.478
6105 229225.000 630035.000 899.705
6106 229226.000 630035.000 899.932
6107 229227.000 630035.000 900.000
6108 229228.000 630035.000 900.247
6109 229229.000 630035.000 900.383
6110 229230.000 630035.000 900.520
6111 229231.000 630035.000 900.367
6112 229232.000 630035.000 900.344
6113 229233.000 630035.000 900.376
6114 229234.000 630035.000 900.254
6115 229235.000 630035.000 900.121
6116 229236.000 630035.000 899.989
6117 229237.000 630035.000 899.877
6118 229238.000 630035.000 899.774
6119 229239.000 630035.000 899.675
6120 229240.000 630035.000 899.665
6121 229241.000 630035.000 899.835
6122 229201.000 630036.000 895.663
6123 229202.000 630036.000 895.876
6124 229203.000 630036.000 896.007
6125 229204.000 630036.000 896.129
6126 229205.000 630036.000 896.251
6127 229206.000 630036.000 896.366
6128 229207.000 630036.000 896.477
6129 229208.000 630036.000 896.594
6130 229209.000 630036.000 896.712
6131 229210.000 630036.000 896.839
6132 229211.000 630036.000 896.996
6133 229212.000 630036.000 897.094
6134 229213.000 630036.000 897.214
6135 229214.000 630036.000 897.536
6136 229215.000 630036.000 897.844
6137 229216.000 630036.000 898.051
6138 229217.000 630036.000 898.014
6139 229218.000 630036.000 898.051
6140 229219.000 630036.000 898.276
6141 229220.000 630036.000 898.574
6142 229221.000 630036.000 898.856
6143 229222.000 630036.000 899.136
6144 229223.000 630036.000 899.367
6145 229224.000 630036.000 899.761
6146 229225.000 630036.000 899.959
6147 229226.000 630036.000 900.102
6148 229227.000 630036.000 900.116
6149 229228.000 630036.000 900.155
6150 229229.000 630036.000 900.277
6151 229230.000 630036.000 900.413
6152 229231.000 630036.000 900.341
6153 229232.000 630036.000 900.395
6154 229233.000 630036.000 900.450
6155 229234.000 630036.000 900.367
6156 229235.000 630036.000 900.215
6157 229236.000 630036.000 900.063
6158 229237.000 630036.000 899.966
6159 229238.000 630036.000 899.874
6160 229239.000 630036.000 899.896
6161 229240.000 630036.000 899.932
6162 229241.000 630036.000 899.981
6163 229201.000 630037.000 895.671
6164 229202.000 630037.000 895.886
6165 229203.000 630037.000 896.017
6166 229204.000 630037.000 896.149
6167 229205.000 630037.000 896.280
6168 229206.000 630037.000 896.402
6169 229207.000 630037.000 896.521
6170 229208.000 630037.000 896.648
6171 229209.000 630037.000 896.774
6172 229210.000 630037.000 896.993
6173 229211.000 630037.000 897.134
6174 229212.000 630037.000 897.230
6175 229213.000 630037.000 897.379
6176 229214.000 630037.000 897.706
6177 229215.000 630037.000 898.034
6178 229216.000 630037.000 898.203
6179 229217.000 630037.000 898.177
6180 229218.000 630037.000 898.151
6181 229219.000 630037.000 898.367
6182 229220.000 630037.000 898.642
6183 229221.000 630037.000 898.918
6184 229222.000 630037.000 899.193
6185 229223.000 630037.000 899.501
6186 229224.000 630037.000 899.983
6187 229225.000 630037.000 900.186
6188 229226.000 630037.000 900.208
6189 229227.000 630037.000 900.215
6190 229228.000 630037.000 900.236
6191 229229.000 630037.000 900.287
6192 229230.000 630037.000 900.338
6193 229231.000 630037.000 900.389
6194 229232.000 630037.000 900.430
6195 229233.000 630037.000 900.470
6196 229234.000 630037.000 900.395
6197 229235.000 630037.000 900.243
6198 229236.000 630037.000 900.123
6199 229237.000 630037.000 900.030
6200 229238.000 630037.000 899.948
6201 229239.000 630037.000 899.959
6202 229240.000 630037.000 900.016
6203 229201.000 630038.000 895.678
6204 229202.000 630038.000 895.903
6205 229203.000 630038.000 896.039
6206 229204.000 630038.000 896.174
6207 229205.000 630038.000 896.309
6208 229206.000 630038.000 896.428
6209 229207.000 630038.000 896.583
6210 229208.000 630038.000 896.710
6211 229209.000 630038.000 896.850
6212 229210.000 630038.000 897.147
6213 229211.000 630038.000 897.278
6214 229212.000 630038.000 897.367
6215 229213.000 630038.000 897.544
6216 229214.000 630038.000 897.871
6217 229215.000 630038.000 898.151
6218 229216.000 630038.000 898.139
6219 229217.000 630038.000 898.081
6220 229218.000 630038.000 898.056
6221 229219.000 630038.000 898.382
6222 229220.000 630038.000 898.679
6223 229221.000 630038.000 898.955
6224 229222.000 630038.000 899.230
6225 229223.000 630038.000 899.517
6226 229224.000 630038.000 899.902
6227 229225.000 630038.000 899.990
6228 229226.000 630038.000 900.088
6229 229227.000 630038.000 900.251
6230 229228.000 630038.000 900.325
6231 229229.000 630038.000 900.362
6232 229230.000 630038.000 900.387
6233 229231.000 630038.000 900.396
6234 229232.000 630038.000 900.430
6235 229233.000 630038.000 900.441
6236 229234.000 630038.000 900.421
6237 229235.000 630038.000 900.281
6238 229236.000 630038.000 900.187
6239 229237.000 630038.000 900.096
6240 229238.000 630038.000 900.022
6241 229239.000 630038.000 900.022
6242 229240.000 630038.000 900.067
6243 229241.000 630038.000 900.079
6244 229201.000 630039.000 895.685
6245 229202.000 630039.000 895.907
6246 229203.000 630039.000 896.080
6247 229204.000 630039.000 896.215
6248 229205.000 630039.000 896.326
6249 229206.000 630039.000 896.443
6250 229207.000 630039.000 896.608
6251 229208.000 630039.000 896.772
6252 229209.000 630039.000 897.004
6253 229210.000 630039.000 897.302
6254 229211.000 630039.000 897.422
6255 229212.000 630039.000 897.504
6256 229213.000 630039.000 897.708
6257 229214.000 630039.000 897.990
6258 229215.000 630039.000 898.215
6259 229216.000 630039.000 898.106
6260 229217.000 630039.000 897.985
6261 229218.000 630039.000 898.034
6262 229219.000 630039.000 898.360
6263 229220.000 630039.000 898.685
6264 229221.000 630039.000 898.991
6265 229222.000 630039.000 899.263
6266 229223.000 630039.000 899.532
6267 229224.000 630039.000 899.709
6268 229225.000 630039.000 899.805
6269 229226.000 630039.000 899.953
6270 229227.000 630039.000 900.117
6271 229228.000 630039.000 900.280
6272 229233.000 630039.000 900.417
6273 229234.000 630039.000 900.407
6274 229235.000 630039.000 900.345
6275 229236.000 630039.000 900.251
6276 229237.000 630039.000 900.170
6277 229238.000 630039.000 900.096
6278 229239.000 630039.000 900.085
6279 229240.000 630039.000 900.100
6280 229241.000 630039.000 900.112
6281 229201.000 630040.000 895.692
6282 229202.000 630040.000 895.911
6283 229203.000 630040.000 896.091
6284 229204.000 630040.000 896.234
6285 229205.000 630040.000 896.335
6286 229206.000 630040.000 896.459
6287 229207.000 630040.000 896.624
6288 229208.000 630040.000 896.771
6289 229209.000 630040.000 897.089
6290 229210.000 630040.000 897.456
6291 229211.000 630040.000 897.567
6292 229212.000 630040.000 897.647
6293 229213.000 630040.000 897.829
6294 229214.000 630040.000 898.054
6295 229215.000 630040.000 898.219
6296 229216.000 630040.000 898.074
6297 229217.000 630040.000 897.930
6298 229218.000 630040.000 898.012
6299 229219.000 630040.000 898.338
6300 229220.000 630040.000 898.661
6301 229221.000 630040.000 898.985
6302 229222.000 630040.000 899.253
6303 229223.000 630040.000 899.419
6304 229224.000 630040.000 899.526
6305 229225.000 630040.000 899.655
6306 229240.000 630040.000 900.156
6307 229241.000 630040.000 900.175
6308 229201.000 630041.000 895.698
6309 229202.000 630041.000 895.915
6310 229203.000 630041.000 896.088
6311 229204.000 630041.000 896.227
6312 229205.000 630041.000 896.343
6313 229206.000 630041.000 896.474
6314 229207.000 630041.000 896.624
6315 229208.000 630041.000 896.751
6316 229209.000 630041.000 897.065
6317 229210.000 630041.000 897.502
6318 229211.000 630041.000 897.664
6319 229212.000 630041.000 897.782
6320 229213.000 630041.000 898.022
6321 229214.000 630041.000 898.176
6322 229215.000 630041.000 898.403
6323 229216.000 630041.000 898.095
6324 229217.000 630041.000 897.854
6325 229218.000 630041.000 898.000
6326 229219.000 630041.000 898.302
6327 229220.000 630041.000 898.625
6328 229221.000 630041.000 898.931
6329 229222.000 630041.000 899.100
6330 229223.000 630041.000 899.218
6331 229201.000 630042.000 895.719
6332 229202.000 630042.000 895.919
6333 229203.000 630042.000 896.069
6334 229204.000 630042.000 896.207
6335 229205.000 630042.000 896.345
6336 229206.000 630042.000 896.476
6337 229207.000 630042.000 896.604
6338 229208.000 630042.000 896.731
6339 229209.000 630042.000 897.042
6340 229210.000 630042.000 897.561
6341 229211.000 630042.000 897.752
6342 229212.000 630042.000 898.016
6343 229213.000 630042.000 898.299
6344 229214.000 630042.000 898.439
6345 229215.000 630042.000 898.552
6346 229216.000 630042.000 898.267
6347 229217.000 630042.000 897.825
6348 229218.000 630042.000 897.996
6349 229219.000 630042.000 898.274
6350 229220.000 630042.000 898.574
6351 229221.000 630042.000 898.833
6352 229222.000 630042.000 898.843
6353 229201.000 630043.000 895.742
6354 229202.000 630043.000 895.910
6355 229203.000 630043.000 896.063
6356 229204.000 630043.000 896.218
6357 229205.000 630043.000 896.360
6358 229206.000 630043.000 896.456
6359 229207.000 630043.000 896.584
6360 229208.000 630043.000 896.711
6361 229209.000 630043.000 897.088
6362 229210.000 630043.000 897.621
6363 229211.000 630043.000 897.962
6364 229212.000 630043.000 898.250
6365 229213.000 630043.000 898.532
6366 229214.000 630043.000 898.744
6367 229215.000 630043.000 898.451
6368 229216.000 630043.000 898.114
6369 229217.000 630043.000 897.958
6370 229218.000 630043.000 898.129
6371 229219.000 630043.000 898.300
6372 229220.000 630043.000 898.524
6373 229221.000 630043.000 898.665
6374 229222.000 630043.000 898.632
6375 229201.000 630044.000 895.764
6376 229202.000 630044.000 895.958
6377 229203.000 630044.000 896.120
6378 229204.000 630044.000 896.262
6379 229205.000 630044.000 896.379
6380 229206.000 630044.000 896.434
6381 229207.000 630044.000 896.562
6382 229208.000 630044.000 896.688
6383 229209.000 630044.000 896.997
6384 229210.000 630044.000 897.551
6385 229211.000 630044.000 898.049
6386 229212.000 630044.000 898.325
6387 229213.000 630044.000 898.555
6388 229214.000 630044.000 898.638
6389 229215.000 630044.000 898.300
6390 229216.000 630044.000 897.977
6391 229217.000 630044.000 897.934
6392 229218.000 630044.000 898.100
6393 229219.000 630044.000 898.266
6394 229220.000 630044.000 898.430
6395 229221.000 630044.000 898.555
6396 229222.000 630044.000 898.632
6397 229201.000 630045.000 895.783
6398 229202.000 630045.000 895.980
6399 229203.000 630045.000 896.163
6400 229204.000 630045.000 896.281
6401 229205.000 630045.000 896.391
6402 229206.000 630045.000 896.440
6403 229207.000 630045.000 896.540
6404 229208.000 630045.000 896.650
6405 229209.000 630045.000 896.847
6406 229210.000 630045.000 897.551
6407 229211.000 630045.000 898.063
6408 229212.000 630045.000 898.230
6409 229213.000 630045.000 898.445
6410 229214.000 630045.000 898.474
6411 229215.000 630045.000 898.221
6412 229216.000 630045.000 898.081
6413 229217.000 630045.000 897.922
6414 229218.000 630045.000 897.865
6415 229219.000 630045.000 898.074
6416 229220.000 630045.000 898.322
6417 229221.000 630045.000 898.529
6418 229200.000 630046.000 895.664
6419 229201.000 630046.000 895.803
6420 229202.000 630046.000 896.002
6421 229203.000 630046.000 896.153
6422 229204.000 630046.000 896.297
6423 229205.000 630046.000 896.398
6424 229206.000 630046.000 896.447
6425 229207.000 630046.000 896.512
6426 229208.000 630046.000 896.616
6427 229209.000 630046.000 896.847
6428 229210.000 630046.000 897.570
6429 229211.000 630046.000 897.974
6430 229212.000 630046.000 898.137
6431 229213.000 630046.000 898.255
6432 229214.000 630046.000 898.298
6433 229215.000 630046.000 898.280
6434 229216.000 630046.000 898.185
6435 229217.000 630046.000 898.106
6436 229218.000 630046.000 898.025
6437 229219.000 630046.000 898.104
6438 229220.000 630046.000 898.337
6439 229221.000 630046.000 898.647
6440 229200.000 630047.000 895.713
6441 229201.000 630047.000 895.834
6442 229202.000 630047.000 895.987
6443 229203.000 630047.000 896.147
6444 229204.000 630047.000 896.314
6445 229205.000 630047.000 896.412
6446 229206.000 630047.000 896.461
6447 229207.000 630047.000 896.514
6448 229208.000 630047.000 896.594
6449 229209.000 630047.000 896.991
6450 229210.000 630047.000 897.813
6451 229211.000 630047.000 898.175
6452 229212.000 630047.000 898.332
6453 229213.000 630047.000 898.307
6454 229214.000 630047.000 898.326
6455 229215.000 630047.000 898.297
6456 229216.000 630047.000 898.220
6457 229217.000 630047.000 898.415
6458 229218.000 630047.000 898.358
6459 229219.000 630047.000 898.240
6460 229220.000 630047.000 898.412
6461 229221.000 630047.000 898.827
6462 229200.000 630048.000 895.763
6463 229201.000 630048.000 895.879
6464 229202.000 630048.000 896.043
6465 229203.000 630048.000 896.211
6466 229204.000 630048.000 896.378
6467 229205.000 630048.000 896.434
6468 229206.000 630048.000 896.480
6469 229207.000 630048.000 896.528
6470 229208.000 630048.000 896.587
6471 229209.000 630048.000 897.327
6472 229210.000 630048.000 897.903
6473 229211.000 630048.000 898.180
6474 229212.000 630048.000 898.337
6475 229213.000 630048.000 898.288
6476 229214.000 630048.000 898.313
6477 229215.000 630048.000 898.301
6478 229216.000 630048.000 898.343
6479 229217.000 630048.000 898.553
6480 229218.000 630048.000 898.527
6481 229219.000 630048.000 898.468
6482 229220.000 630048.000 898.470
6483 229221.000 630048.000 898.890
6484 229200.000 630049.000 895.807
6485 229201.000 630049.000 895.933
6486 229202.000 630049.000 896.103
6487 229203.000 630049.000 896.274
6488 229204.000 630049.000 896.405
6489 229205.000 630049.000 896.457
6490 229206.000 630049.000 896.502
6491 229207.000 630049.000 896.547
6492 229208.000 630049.000 896.588
6493 229209.000 630049.000 896.745
6494 229210.000 630049.000 897.472
6495 229211.000 630049.000 897.819
6496 229212.000 630049.000 898.143
6497 229213.000 630049.000 898.182
6498 229214.000 630049.000 898.198
6499 229215.000 630049.000 898.215
6500 229216.000 630049.000 898.289
6501 229217.000 630049.000 898.428
6502 229218.000 630049.000 898.553
6503 229219.000 630049.000 898.494
6504 229220.000 630049.000 898.464
6505 229221.000 630049.000 898.665
6506 229200.000 630050.000 895.821
6507 229201.000 630050.000 895.993
6508 229202.000 630050.000 896.163
6509 229203.000 630050.000 896.337
6510 229204.000 630050.000 896.423
6511 229205.000 630050.000 896.475
6512 229206.000 630050.000 896.526
6513 229207.000 630050.000 896.569
6514 229208.000 630050.000 896.608
6515 229209.000 630050.000 896.654
6516 229210.000 630050.000 896.718
6517 229211.000 630050.000 897.297
6518 229212.000 630050.000 897.949
6519 229213.000 630050.000 898.050
6520 229214.000 630050.000 898.066
6521 229215.000 630050.000 898.108
6522 229216.000 630050.000 898.145
6523 229217.000 630050.000 898.317
6524 229218.000 630050.000 898.580
6525 229219.000 630050.000 898.531
6526 229220.000 630050.000 898.507
6527 229221.000 630050.000 898.483
6528 229199.000 630051.000 895.681
6529 229200.000 630051.000 895.807
6530 229201.000 630051.000 895.955
6531 229202.000 630051.000 896.183
6532 229203.000 630051.000 896.383
6533 229204.000 630051.000 896.448
6534 229205.000 630051.000 896.499
6535 229206.000 630051.000 896.550
6536 229207.000 630051.000 896.593
6537 229208.000 630051.000 896.636
6538 229209.000 630051.000 896.678
6539 229210.000 630051.000 896.726
6540 229211.000 630051.000 897.084
6541 229212.000 630051.000 897.789
6542 229213.000 630051.000 897.918
6543 229214.000 630051.000 897.966
6544 229215.000 630051.000 898.017
6545 229216.000 630051.000 898.054
6546 229217.000 630051.000 898.206
6547 229218.000 630051.000 898.555
6548 229219.000 630051.000 898.575
6549 229220.000 630051.000 898.551
6550 229221.000 630051.000 898.526
6551 229199.000 630052.000 895.673
6552 229200.000 630052.000 895.787
6553 229201.000 630052.000 895.915
6554 229202.000 630052.000 896.150
6555 229203.000 630052.000 896.375
6556 229204.000 630052.000 896.484
6557 229205.000 630052.000 896.530
6558 229206.000 630052.000 896.560
6559 229207.000 630052.000 896.599
6560 229208.000 630052.000 896.653
6561 229209.000 630052.000 896.706
6562 229210.000 630052.000 896.748
6563 229211.000 630052.000 896.799
6564 229212.000 630052.000 897.540
6565 229213.000 630052.000 897.829
6566 229214.000 630052.000 897.875
6567 229215.000 630052.000 897.925
6568 229216.000 630052.000 897.961
6569 229217.000 630052.000 898.005
6570 229218.000 630052.000 898.276
6571 229219.000 630052.000 898.359
6572 229220.000 630052.000 898.330
6573 229221.000 630052.000 898.319
6574 229199.000 630053.000 895.677
6575 229200.000 630053.000 895.767
6576 229201.000 630053.000 895.881
6577 229202.000 630053.000 896.116
6578 229203.000 630053.000 896.362
6579 229204.000 630053.000 896.508
6580 229205.000 630053.000 896.538
6581 229206.000 630053.000 896.569
6582 229207.000 630053.000 896.600
6583 229208.000 630053.000 896.654
6584 229209.000 630053.000 896.708
6585 229210.000 630053.000 896.763
6586 229211.000 630053.000 896.817
6587 229212.000 630053.000 897.273
6588 229213.000 630053.000 897.771
6589 229214.000 630053.000 897.816
6590 229215.000 630053.000 897.862
6591 229216.000 630053.000 897.877
6592 229217.000 630053.000 897.881
6593 229218.000 630053.000 897.958
6594 229219.000 630053.000 898.115
6595 229220.000 630053.000 898.113
6596 229221.000 630053.000 898.128
6597 229222.000 630053.000 898.289
6598 229199.000 630054.000 895.619
6599 229200.000 630054.000 895.918
6600 229201.000 630054.000 895.996
6601 229202.000 630054.000 896.135
6602 229203.000 630054.000 896.352
6603 229204.000 630054.000 896.466
6604 229205.000 630054.000 896.538
6605 229206.000 630054.000 896.578
6606 229207.000 630054.000 896.608
6607 229208.000 630054.000 896.655
6608 229209.000 630054.000 896.710
6609 229210.000 630054.000 896.764
6610 229211.000 630054.000 896.819
6611 229212.000 630054.000 897.207
6612 229213.000 630054.000 897.714
6613 229214.000 630054.000 897.790
6614 229215.000 630054.000 897.879
6615 229216.000 630054.000 897.904
6616 229217.000 630054.000 897.953
6617 229218.000 630054.000 897.815
6618 229219.000 630054.000 897.974
6619 229220.000 630054.000 898.082
6620 229221.000 630054.000 898.120
6621 229222.000 630054.000 898.146
6622 229200.000 630055.000 895.882
6623 229201.000 630055.000 896.041
6624 229202.000 630055.000 896.192
6625 229203.000 630055.000 896.325
6626 229204.000 630055.000 896.422
6627 229205.000 630055.000 896.488
6628 229206.000 630055.000 896.560
6629 229207.000 630055.000 896.617
6630 229208.000 630055.000 896.657
6631 229209.000 630055.000 896.711
6632 229210.000 630055.000 896.767
6633 229211.000 630055.000 896.823
6634 229212.000 630055.000 897.304
6635 229213.000 630055.000 897.735
6636 229214.000 630055.000 897.980
6637 229215.000 630055.000 898.077
6638 229216.000 630055.000 898.107
6639 229217.000 630055.000 898.009
6640 229218.000 630055.000 897.672
6641 229219.000 630055.000 897.899
6642 229220.000 630055.000 898.084
6643 229221.000 630055.000 898.119
6644 229222.000 630055.000 898.142
6645 229200.000 630056.000 895.769
6646 229201.000 630056.000 896.000
6647 229202.000 630056.000 896.131
6648 229203.000 630056.000 896.261
6649 229204.000 630056.000 896.390
6650 229205.000 630056.000 896.456
6651 229206.000 630056.000 896.523
6652 229207.000 630056.000 896.589
6653 229208.000 630056.000 896.659
6654 229209.000 630056.000 896.715
6655 229210.000 630056.000 896.771
6656 229211.000 630056.000 896.828
6657 229212.000 630056.000 896.981
6658 229213.000 630056.000 897.418
6659 229214.000 630056.000 897.824
6660 229215.000 630056.000 898.056
6661 229216.000 630056.000 898.096
6662 229217.000 630056.000 897.928
6663 229218.000 630056.000 897.530
6664 229219.000 630056.000 897.824
6665 229220.000 630056.000 898.086
6666 229221.000 630056.000 898.114
6667 229222.000 630056.000 898.137
6668 229200.000 630057.000 895.619
6669 229201.000 630057.000 895.926
6670 229202.000 630057.000 896.067
6671 229203.000 630057.000 896.201
6672 229204.000 630057.000 896.331
6673 229205.000 630057.000 896.424
6674 229206.000 630057.000 896.497
6675 229207.000 630057.000 896.580
6676 229208.000 630057.000 896.664
6677 229209.000 630057.000 896.725
6678 229210.000 630057.000 896.769
6679 229211.000 630057.000 896.813
6680 229212.000 630057.000 897.125
6681 229213.000 630057.000 896.950
6682 229214.000 630057.000 897.462
6683 229215.000 630057.000 897.784
6684 229216.000 630057.000 897.826
6685 229217.000 630057.000 897.677
6686 229218.000 630057.000 897.466
6687 229219.000 630057.000 897.749
6688 229220.000 630057.000 898.047
6689 229221.000 630057.000 897.996
6690 229222.000 630057.000 897.954
6691 229200.000 630058.000 895.511
6692 229201.000 630058.000 895.884
6693 229202.000 630058.000 895.983
6694 229203.000 630058.000 896.100
6695 229204.000 630058.000 896.240
6696 229205.000 630058.000 896.350
6697 229206.000 630058.000 896.432
6698 229207.000 630058.000 896.509
6699 229208.000 630058.000 896.586
6700 229209.000 630058.000 896.722
6701 229210.000 630058.000 896.760
6702 229211.000 630058.000 896.799
6703 229212.000 630058.000 896.832
6704 229213.000 630058.000 896.855
6705 229214.000 630058.000 897.111
6706 229215.000 630058.000 897.516
6707 229216.000 630058.000 897.499
6708 229217.000 630058.000 897.539
6709 229218.000 630058.000 897.478
6710 229219.000 630058.000 897.672
6711 229220.000 630058.000 897.851
6712 229221.000 630058.000 897.817
6713 229222.000 630058.000 897.761
6714 229201.000 630059.000 895.778
6715 229202.000 630059.000 895.942
6716 229203.000 630059.000 896.040
6717 229204.000 630059.000 896.141
6718 229205.000 630059.000 896.221
6719 229206.000 630059.000 896.310
6720 229207.000 630059.000 896.397
6721 229208.000 630059.000 896.496
6722 229209.000 630059.000 896.661
6723 229210.000 630059.000 896.767
6724 229211.000 630059.000 896.803
6725 229212.000 630059.000 896.824
6726 229213.000 630059.000 896.853
6727 229214.000 630059.000 896.867
6728 229215.000 630059.000 896.988
6729 229216.000 630059.000 897.129
6730 229217.000 630059.000 897.250
6731 229218.000 630059.000 897.421
6732 229219.000 630059.000 897.546
6733 229220.000 630059.000 897.656
6734 229221.000 630059.000 897.651
6735 229222.000 630059.000 897.705
6736 229201.000 630060.000 895.719
6737 229202.000 630060.000 895.905
6738 229203.000 630060.000 896.005
6739 229204.000 630060.000 896.128
6740 229205.000 630060.000 896.238
6741 229206.000 630060.000 896.300
6742 229207.000 630060.000 896.361
6743 229208.000 630060.000 896.412
6744 229209.000 630060.000 896.578
6745 229210.000 630060.000 896.743
6746 229211.000 630060.000 896.783
6747 229212.000 630060.000 896.811
6748 229213.000 630060.000 896.849
6749 229201.000 630061.000 895.640
6750 229202.000 630061.000 895.872
6751 229203.000 630061.000 895.972
6752 229204.000 630061.000 896.115
6753 229205.000 630061.000 896.262
6754 229206.000 630061.000 896.332
6755 229207.000 630061.000 896.356
6756 229208.000 630061.000 896.360
6757 229209.000 630061.000 896.491
6758 229210.000 630061.000 896.594
6759 229202.000 630062.000 895.802
6760 229203.000 630062.000 895.956
6761 229204.000 630062.000 896.103
