5000 229237.000 629981.000 895.533
5001 229238.000 629981.000 895.891
5002 229236.000 629982.000 895.283
5003 229237.000 629982.000 895.709
5004 229238.000 629982.000 895.994
5005 229239.000 629982.000 896.078
5006 229236.000 629983.000 895.461
5007 229237.000 629983.000 895.886
5008 229238.000 629983.000 896.033
5009 229239.000 629983.000 896.066
5010 229234.000 629984.000 895.260
5011 229235.000 629984.000 895.493
5012 229236.000 629984.000 895.771
5013 229237.000 629984.000 895.976
5014 229238.000 629984.000 896.009
5015 229239.000 629984.000 896.043
5016 229233.000 629985.000 895.352
5017 229234.000 629985.000 895.565
5018 229235.000 629985.000 895.843
5019 229236.000 629985.000 895.958
5020 229237.000 629985.000 895.994
5021 229238.000 629985.000 896.022
5022 229239.000 629985.000 896.050
5023 229240.000 629985.000 896.094
5024 229241.000 629985.000 896.142
5025 229243.000 629985.000 896.445
5026 229232.000 629986.000 895.443
5027 229233.000 629986.000 895.637
5028 229234.000 629986.000 895.900
5029 229235.000 629986.000 895.938
5030 229236.000 629986.000 895.976
5031 229237.000 629986.000 896.012
5032 229238.000 629986.000 896.040
5033 229239.000 629986.000 896.070
5034 229240.000 629986.000 896.142
5035 229241.000 629986.000 896.197
5036 229242.000 629986.000 896.256
5037 229243.000 629986.000 896.474
5038 229231.000 629987.000 895.535
5039 229232.000 629987.000 895.713
5040 229233.000 629987.000 895.880
5041 229234.000 629987.000 895.918
5042 229235.000 629987.000 895.956
5043 229236.000 629987.000 895.994
5044 229237.000 629987.000 896.030
5045 229238.000 629987.000 896.058
5046 229239.000 629987.000 896.118
5047 229240.000 629987.000 896.189
5048 229241.000 629987.000 896.252
5049 229242.000 629987.000 896.327
5050 229243.000 629987.000 896.502
5051 229230.000 629988.000 895.557
5052 229231.000 629988.000 895.782
5053 229232.000 629988.000 895.860
5054 229233.000 629988.000 895.898
5055 229234.000 629988.000 895.936
5056 229235.000 629988.000 895.975
5057 229236.000 629988.000 896.013
5058 229237.000 629988.000 896.048
5059 229238.000 629988.000 896.093
5060 229239.000 629988.000 896.165
5061 229240.000 629988.000 896.236
5062 229241.000 629988.000 896.307
5063 229242.000 629988.000 896.402
5064 229243.000 629988.000 896.525
5065 229229.000 629989.000 895.545
5066 229230.000 629989.000 895.791
5067 229231.000 629989.000 895.866
5068 229232.000 629989.000 895.891
5069 229233.000 629989.000 895.925
5070 229234.000 629989.000 895.960
5071 229235.000 629989.000 895.994
5072 229236.000 629989.000 896.031
5073 229237.000 629989.000 896.069
5074 229238.000 629989.000 896.140
5075 229239.000 629989.000 896.208
5076 229240.000 629989.000 896.276
5077 229241.000 629989.000 896.358
5078 229242.000 629989.000 896.464
5079 229243.000 629989.000 896.577
5080 229227.000 629990.000 895.421
5081 229228.000 629990.000 895.556
5082 229229.000 629990.000 895.801
5083 229230.000 629990.000 895.881
5084 229231.000 629990.000 895.903
5085 229232.000 629990.000 895.925
5086 229233.000 629990.000 895.956
5087 229234.000 629990.000 895.991
5088 229235.000 629990.000 896.025
5089 229236.000 629990.000 896.060
5090 229237.000 629990.000 896.111
5091 229238.000 629990.000 896.177
5092 229239.000 629990.000 896.245
5093 229240.000 629990.000 896.320
5094 229241.000 629990.000 896.409
5095 229242.000 629990.000 896.510
5096 229243.000 629990.000 896.764
5097 229244.000 629990.000 897.158
5098 229223.000 629991.000 895.539
5099 229224.000 629991.000 895.647
5100 229225.000 629991.000 895.661
5101 229226.000 629991.000 895.671
5102 229227.000 629991.000 895.754
5103 229228.000 629991.000 895.860
5104 229229.000 629991.000 895.895
5105 229230.000 629991.000 895.917
5106 229231.000 629991.000 895.939
5107 229232.000 629991.000 895.961
5108 229233.000 629991.000 895.988
5109 229234.000 629991.000 896.022
5110 229235.000 629991.000 896.057
5111 229236.000 629991.000 896.100
5112 229237.000 629991.000 896.156
5113 229238.000 629991.000 896.214
5114 229239.000 629991.000 896.283
5115 229240.000 629991.000 896.372
5116 229241.000 629991.000 896.460
5117 229242.000 629991.000 896.611
5118 229243.000 629991.000 896.929
5119 229244.000 629991.000 897.146
5120 229222.000 629992.000 895.557
5121 229223.000 629992.000 895.650
5122 229224.000 629992.000 895.769
5123 229225.000 629992.000 895.888
5124 229226.000 629992.000 895.924
5125 229227.000 629992.000 895.922
5126 229228.000 629992.000 895.920
5127 229229.000 629992.000 895.929
5128 229230.000 629992.000 895.953
5129 229231.000 629992.000 895.976
5130 229232.000 629992.000 895.997
5131 229233.000 629992.000 896.019
5132 229234.000 629992.000 896.054
5133 229235.000 629992.000 896.090
5134 229236.000 629992.000 896.146
5135 229237.000 629992.000 896.202
5136 229238.000 629992.000 896.258
5137 229239.000 629992.000 896.327
5138 229240.000 629992.000 896.409
5139 229241.000 629992.000 896.491
5140 229242.000 629992.000 896.577
5141 229243.000 629992.000 896.891
5142 229244.000 629992.000 897.134
5143 229220.000 629993.000 895.489
5144 229221.000 629993.000 895.575
5145 229222.000 629993.000 895.662
5146 229223.000 629993.000 895.773
5147 229224.000 629993.000 895.892
5148 229225.000 629993.000 895.942
5149 229226.000 629993.000 895.959
5150 229227.000 629993.000 895.961
5151 229228.000 629993.000 895.959
5152 229229.000 629993.000 895.960
5153 229230.000 629993.000 895.985
5154 229231.000 629993.000 896.009
5155 229232.000 629993.000 896.033
5156 229233.000 629993.000 896.056
5157 229234.000 629993.000 896.085
5158 229235.000 629993.000 896.136
5159 229236.000 629993.000 896.191
5160 229237.000 629993.000 896.247
5161 229238.000 629993.000 896.311
5162 229239.000 629993.000 896.383
5163 229240.000 629993.000 896.449
5164 229241.000 629993.000 896.518
5165 229242.000 629993.000 896.600
5166 229243.000 629993.000 896.842
5167 229244.000 629993.000 897.104
5168 229219.000 629994.000 895.460
5169 229220.000 629994.000 895.594
5170 229221.000 629994.000 895.680
5171 229222.000 629994.000 895.777
5172 229223.000 629994.000 895.889
5173 229224.000 629994.000 895.930
5174 229225.000 629994.000 895.971
5175 229226.000 629994.000 895.985
5176 229227.000 629994.000 895.997
5177 229228.000 629994.000 895.998
5178 229229.000 629994.000 895.996
5179 229230.000 629994.000 896.016
5180 229231.000 629994.000 896.041
5181 229232.000 629994.000 896.065
5182 229233.000 629994.000 896.089
5183 229234.000 629994.000 896.125
5184 229235.000 629994.000 896.180
5185 229236.000 629994.000 896.236
5186 229237.000 629994.000 896.291
5187 229238.000 629994.000 896.371
5188 229239.000 629994.000 896.445
5189 229240.000 629994.000 896.511
5190 229241.000 629994.000 896.576
5191 229242.000 629994.000 896.642
5192 229243.000 629994.000 896.792
5193 229244.000 629994.000 897.054
5194 229219.000 629995.000 895.506
5195 229220.000 629995.000 895.687
5196 229221.000 629995.000 895.785
5197 229222.000 629995.000 895.877
5198 229223.000 629995.000 895.918
5199 229224.000 629995.000 895.959
5200 229225.000 629995.000 895.998
5201 229226.000 629995.000 896.010
5202 229227.000 629995.000 896.022
5203 229228.000 629995.000 896.034
5204 229229.000 629995.000 896.034
5205 229230.000 629995.000 896.048
5206 229231.000 629995.000 896.072
5207 229232.000 629995.000 896.097
5208 229233.000 629995.000 896.136
5209 229234.000 629995.000 896.178
5210 229235.000 629995.000 896.225
5211 229236.000 629995.000 896.280
5212 229237.000 629995.000 896.352
5213 229238.000 629995.000 896.431
5214 229239.000 629995.000 896.507
5215 229240.000 629995.000 896.572
5216 229241.000 629995.000 896.638
5217 229242.000 629995.000 896.735
5218 229243.000 629995.000 896.838
5219 229244.000 629995.000 897.026
5220 229245.000 629995.000 897.262
5221 229218.000 629996.000 895.371
5222 229219.000 629996.000 895.552
5223 229220.000 629996.000 895.733
5224 229221.000 629996.000 895.865
5225 229222.000 629996.000 895.906
5226 229223.000 629996.000 895.947
5227 229224.000 629996.000 895.988
5228 229225.000 629996.000 896.023
5229 229226.000 629996.000 896.035
5230 229227.000 629996.000 896.047
5231 229228.000 629996.000 896.059
5232 229229.000 629996.000 896.071
5233 229230.000 629996.000 896.080
5234 229231.000 629996.000 896.106
5235 229232.000 629996.000 896.148
5236 229233.000 629996.000 896.191
5237 229234.000 629996.000 896.233
5238 229235.000 629996.000 896.275
5239 229236.000 629996.000 896.332
5240 229237.000 629996.000 896.412
5241 229238.000 629996.000 896.492
5242 229239.000 629996.000 896.568
5243 229240.000 629996.000 896.634
5244 229241.000 629996.000 896.731
5245 229242.000 629996.000 896.835
5246 229243.000 629996.000 896.938
5247 229244.000 629996.000 897.084
5248 229245.000 629996.000 897.246
5249 229218.000 629997.000 895.449
5250 229219.000 629997.000 895.704
5251 229220.000 629997.000 895.885
5252 229221.000 629997.000 895.904
5253 229222.000 629997.000 895.938
5254 229223.000 629997.000 895.976
5255 229224.000 629997.000 896.017
5256 229225.000 629997.000 896.048
5257 229226.000 629997.000 896.060
5258 229227.000 629997.000 896.072
5259 229228.000 629997.000 896.085
5260 229229.000 629997.000 896.097
5261 229230.000 629997.000 896.123
5262 229231.000 629997.000 896.167
5263 229232.000 629997.000 896.211
5264 229233.000 629997.000 896.255
5265 229234.000 629997.000 896.299
5266 229235.000 629997.000 896.355
5267 229236.000 629997.000 896.419
5268 229237.000 629997.000 896.487
5269 229238.000 629997.000 896.555
5270 229239.000 629997.000 896.630
5271 229240.000 629997.000 896.728
5272 229241.000 629997.000 896.831
5273 229242.000 629997.000 896.933
5274 229243.000 629997.000 897.036
5275 229244.000 629997.000 897.156
5276 229245.000 629997.000 897.208
5277 229216.000 629998.000 895.373
5278 229217.000 629998.000 895.514
5279 229218.000 629998.000 895.713
5280 229219.000 629998.000 895.911
5281 229220.000 629998.000 895.930
5282 229221.000 629998.000 895.949
5283 229222.000 629998.000 895.974
5284 229223.000 629998.000 896.012
5285 229224.000 629998.000 896.049
5286 229225.000 629998.000 896.079
5287 229226.000 629998.000 896.095
5288 229227.000 629998.000 896.110
5289 229228.000 629998.000 896.126
5290 229229.000 629998.000 896.152
5291 229230.000 629998.000 896.195
5292 229231.000 629998.000 896.238
5293 229232.000 629998.000 896.282
5294 229233.000 629998.000 896.331
5295 229234.000 629998.000 896.392
5296 229235.000 629998.000 896.453
5297 229236.000 629998.000 896.517
5298 229237.000 629998.000 896.585
5299 229238.000 629998.000 896.653
5300 229239.000 629998.000 896.727
5301 229240.000 629998.000 896.827
5302 229241.000 629998.000 896.927
5303 229242.000 629998.000 897.030
5304 229243.000 629998.000 897.107
5305 229244.000 629998.000 897.129
5306 229245.000 629998.000 897.171
5307 229214.000 629999.000 895.475
5308 229215.000 629999.000 895.526
5309 229216.000 629999.000 895.644
5310 229217.000 629999.000 895.843
5311 229218.000 629999.000 895.892
5312 229219.000 629999.000 895.919
5313 229220.000 629999.000 895.963
5314 229221.000 629999.000 895.994
5315 229222.000 629999.000 896.014
5316 229223.000 629999.000 896.048
5317 229224.000 629999.000 896.085
5318 229225.000 629999.000 896.123
5319 229226.000 629999.000 896.139
5320 229227.000 629999.000 896.155
5321 229228.000 629999.000 896.181
5322 229229.000 629999.000 896.224
5323 229230.000 629999.000 896.267
5324 229231.000 629999.000 896.310
5325 229232.000 629999.000 896.368
5326 229233.000 629999.000 896.429
5327 229234.000 629999.000 896.489
5328 229235.000 629999.000 896.550
5329 229236.000 629999.000 896.615
5330 229237.000 629999.000 896.683
5331 229238.000 629999.000 896.750
5332 229239.000 629999.000 896.829
5333 229240.000 629999.000 896.929
5334 229241.000 629999.000 897.030
5335 229242.000 629999.000 897.096
5336 229243.000 629999.000 897.129
5337 229244.000 629999.000 897.154
5338 229245.000 629999.000 897.181
5339 229246.000 629999.000 897.219
5340 229214.000 630000.000 895.680
5341 229215.000 630000.000 895.773
5342 229216.000 630000.000 895.840
5343 229217.000 630000.000 895.859
5344 229218.000 630000.000 895.878
5345 229219.000 630000.000 895.902
5346 229220.000 630000.000 895.947
5347 229221.000 630000.000 895.992
5348 229222.000 630000.000 896.036
5349 229223.000 630000.000 896.084
5350 229224.000 630000.000 896.122
5351 229225.000 630000.000 896.160
5352 229226.000 630000.000 896.184
5353 229227.000 630000.000 896.211
5354 229228.000 630000.000 896.253
5355 229229.000 630000.000 896.285
5356 229230.000 630000.000 896.311
5357 229231.000 630000.000 896.369
5358 229232.000 630000.000 896.461
5359 229233.000 630000.000 896.523
5360 229234.000 630000.000 896.585
5361 229235.000 630000.000 896.647
5362 229236.000 630000.000 896.713
5363 229237.000 630000.000 896.780
5364 229238.000 630000.000 896.847
5365 229239.000 630000.000 896.931
5366 229240.000 630000.000 897.024
5367 229241.000 630000.000 897.098
5368 229242.000 630000.000 897.111
5369 229243.000 630000.000 897.151
5370 229244.000 630000.000 897.183
5371 229245.000 630000.000 897.206
5372 229246.000 630000.000 897.236
5373 229214.000 630001.000 895.506
5374 229215.000 630001.000 895.777
5375 229216.000 630001.000 895.832
5376 229217.000 630001.000 895.850
5377 229218.000 630001.000 895.869
5378 229219.000 630001.000 895.887
5379 229220.000 630001.000 895.923
5380 229221.000 630001.000 895.965
5381 229222.000 630001.000 896.008
5382 229223.000 630001.000 896.084
5383 229224.000 630001.000 896.133
5384 229225.000 630001.000 896.183
5385 229226.000 630001.000 896.229
5386 229227.000 630001.000 896.255
5387 229228.000 630001.000 896.282
5388 229229.000 630001.000 896.308
5389 229230.000 630001.000 896.335
5390 229231.000 630001.000 896.433
5391 229232.000 630001.000 896.537
5392 229233.000 630001.000 896.616
5393 229234.000 630001.000 896.679
5394 229235.000 630001.000 896.751
5395 229236.000 630001.000 896.819
5396 229237.000 630001.000 896.885
5397 229238.000 630001.000 896.950
5398 229239.000 630001.000 897.018
5399 229240.000 630001.000 897.100
5400 229241.000 630001.000 897.106
5401 229242.000 630001.000 897.127
5402 229243.000 630001.000 897.168
5403 229244.000 630001.000 897.202
5404 229245.000 630001.000 897.212
5405 229246.000 630001.000 897.254
5406 229247.000 630001.000 897.286
5407 229216.000 630002.000 895.696
5408 229217.000 630002.000 895.759
5409 229218.000 630002.000 895.822
5410 229219.000 630002.000 895.885
5411 229220.000 630002.000 895.904
5412 229221.000 630002.000 895.937
5413 229222.000 630002.000 896.004
5414 229223.000 630002.000 896.084
5415 229224.000 630002.000 896.132
5416 229225.000 630002.000 896.172
5417 229226.000 630002.000 896.218
5418 229227.000 630002.000 896.267
5419 229228.000 630002.000 896.305
5420 229229.000 630002.000 896.332
5421 229230.000 630002.000 896.393
5422 229231.000 630002.000 896.497
5423 229232.000 630002.000 896.601
5424 229233.000 630002.000 896.709
5425 229234.000 630002.000 896.785
5426 229235.000 630002.000 896.857
5427 229236.000 630002.000 896.924
5428 229237.000 630002.000 896.990
5429 229238.000 630002.000 897.052
5430 229239.000 630002.000 897.100
5431 229240.000 630002.000 897.108
5432 229241.000 630002.000 897.114
5433 229242.000 630002.000 897.144
5434 229243.000 630002.000 897.174
5435 229244.000 630002.000 897.183
5436 229245.000 630002.000 897.224
5437 229246.000 630002.000 897.274
5438 229247.000 630002.000 897.305
5439 229217.000 630003.000 895.614
5440 229218.000 630003.000 895.677
5441 229219.000 630003.000 895.740
5442 229220.000 630003.000 895.804
5443 229221.000 630003.000 895.874
5444 229222.000 630003.000 895.959
5445 229223.000 630003.000 896.076
5446 229224.000 630003.000 896.117
5447 229225.000 630003.000 896.158
5448 229226.000 630003.000 896.206
5449 229227.000 630003.000 896.254
5450 229228.000 630003.000 896.303
5451 229229.000 630003.000 896.353
5452 229230.000 630003.000 896.461
5453 229231.000 630003.000 896.567
5454 229232.000 630003.000 896.676
5455 229233.000 630003.000 896.793
5456 229234.000 630003.000 896.887
5457 229235.000 630003.000 896.962
5458 229236.000 630003.000 897.030
5459 229237.000 630003.000 897.090
5460 229238.000 630003.000 897.096
5461 229239.000 630003.000 897.103
5462 229240.000 630003.000 897.112
5463 229241.000 630003.000 897.124
5464 229242.000 630003.000 897.147
5465 229243.000 630003.000 897.164
5466 229244.000 630003.000 897.190
5467 229245.000 630003.000 897.241
5468 229246.000 630003.000 897.295
5469 229247.000 630003.000 897.332
5470 229218.000 630004.000 895.551
5471 229219.000 630004.000 895.616
5472 229220.000 630004.000 895.685
5473 229221.000 630004.000 895.755
5474 229222.000 630004.000 895.832
5475 229223.000 630004.000 895.980
5476 229224.000 630004.000 896.102
5477 229225.000 630004.000 896.145
5478 229226.000 630004.000 896.193
5479 229227.000 630004.000 896.242
5480 229228.000 630004.000 896.310
5481 229229.000 630004.000 896.426
5482 229230.000 630004.000 896.534
5483 229231.000 630004.000 896.640
5484 229232.000 630004.000 896.760
5485 229233.000 630004.000 896.878
5486 229234.000 630004.000 896.971
5487 229235.000 630004.000 897.064
5488 229236.000 630004.000 897.085
5489 229237.000 630004.000 897.091
5490 229238.000 630004.000 897.097
5491 229239.000 630004.000 897.106
5492 229240.000 630004.000 897.127
5493 229241.000 630004.000 897.155
5494 229242.000 630004.000 897.200
5495 229243.000 630004.000 897.217
5496 229244.000 630004.000 897.264
5497 229245.000 630004.000 897.298
5498 229246.000 630004.000 897.327
5499 229247.000 630004.000 897.398
5500 229219.000 630005.000 895.515
5501 229220.000 630005.000 895.577
5502 229221.000 630005.000 895.639
5503 229222.000 630005.000 895.706
5504 229223.000 630005.000 895.877
5505 229224.000 630005.000 896.060
5506 229225.000 630005.000 896.132
5507 229226.000 630005.000 896.198
5508 229227.000 630005.000 896.266
5509 229228.000 630005.000 896.357
5510 229229.000 630005.000 896.498
5511 229230.000 630005.000 896.607
5512 229231.000 630005.000 896.724
5513 229232.000 630005.000 896.845
5514 229233.000 630005.000 896.962
5515 229234.000 630005.000 897.055
5516 229235.000 630005.000 897.081
5517 229236.000 630005.000 897.087
5518 229237.000 630005.000 897.093
5519 229238.000 630005.000 897.104
5520 229239.000 630005.000 897.131
5521 229240.000 630005.000 897.158
5522 229241.000 630005.000 897.186
5523 229242.000 630005.000 897.235
5524 229243.000 630005.000 897.278
5525 229244.000 630005.000 897.332
5526 229245.000 630005.000 897.377
5527 229246.000 630005.000 897.414
5528 229220.000 630006.000 895.480
5529 229221.000 630006.000 895.542
5530 229222.000 630006.000 895.642
5531 229223.000 630006.000 895.809
5532 229224.000 630006.000 895.989
5533 229225.000 630006.000 896.152
5534 229226.000 630006.000 896.223
5535 229227.000 630006.000 896.292
5536 229228.000 630006.000 896.435
5537 229229.000 630006.000 896.570
5538 229230.000 630006.000 896.683
5539 229231.000 630006.000 896.804
5540 229232.000 630006.000 896.929
5541 229233.000 630006.000 897.046
5542 229234.000 630006.000 897.077
5543 229235.000 630006.000 897.083
5544 229236.000 630006.000 897.091
5545 229237.000 630006.000 897.098
5546 229238.000 630006.000 897.125
5547 229239.000 630006.000 897.161
5548 229240.000 630006.000 897.188
5549 229241.000 630006.000 897.218
5550 229242.000 630006.000 897.261
5551 229243.000 630006.000 897.294
5552 229244.000 630006.000 897.364
5553 229245.000 630006.000 897.434
5554 229246.000 630006.000 897.452
5555 229221.000 630007.000 895.452
5556 229222.000 630007.000 895.600
5557 229223.000 630007.000 895.755
5558 229224.000 630007.000 895.962
5559 229225.000 630007.000 896.138
5560 229226.000 630007.000 896.246
5561 229227.000 630007.000 896.362
5562 229228.000 630007.000 896.513
5563 229229.000 630007.000 896.644
5564 229230.000 630007.000 896.760
5565 229231.000 630007.000 896.876
5566 229232.000 630007.000 896.998
5567 229233.000 630007.000 897.080
5568 229234.000 630007.000 897.085
5569 229235.000 630007.000 897.093
5570 229236.000 630007.000 897.101
5571 229237.000 630007.000 897.109
5572 229238.000 630007.000 897.128
5573 229239.000 630007.000 897.156
5574 229240.000 630007.000 897.200
5575 229241.000 630007.000 897.244
5576 229242.000 630007.000 897.269
5577 229243.000 630007.000 897.296
5578 229244.000 630007.000 897.353
5579 229245.000 630007.000 897.431
5580 229246.000 630007.000 897.449
5581 229221.000 630008.000 895.439
5582 229222.000 630008.000 895.578
5583 229223.000 630008.000 895.719
5584 229224.000 630008.000 895.940
5585 229225.000 630008.000 896.123
5586 229226.000 630008.000 896.242
5587 229227.000 630008.000 896.421
5588 229228.000 630008.000 896.573
5589 229229.000 630008.000 896.703
5590 229230.000 630008.000 896.824
5591 229231.000 630008.000 896.944
5592 229232.000 630008.000 897.065
5593 229233.000 630008.000 897.099
5594 229234.000 630008.000 897.098
5595 229235.000 630008.000 897.103
5596 229236.000 630008.000 897.110
5597 229237.000 630008.000 897.120
5598 229238.000 630008.000 897.139
5599 229239.000 630008.000 897.179
5600 229240.000 630008.000 897.234
5601 229241.000 630008.000 897.276
5602 229242.000 630008.000 897.303
5603 229243.000 630008.000 897.314
5604 229244.000 630008.000 897.332
5605 229245.000 630008.000 897.429
5606 229246.000 630008.000 897.463
5607 229221.000 630009.000 895.448
5608 229222.000 630009.000 895.572
5609 229223.000 630009.000 895.736
5610 229224.000 630009.000 895.918
5611 229225.000 630009.000 896.109
5612 229226.000 630009.000 896.270
5613 229227.000 630009.000 896.451
5614 229228.000 630009.000 896.626
5615 229229.000 630009.000 896.749
5616 229230.000 630009.000 896.870
5617 229231.000 630009.000 897.006
5618 229232.000 630009.000 897.132
5619 229233.000 630009.000 897.127
5620 229234.000 630009.000 897.118
5621 229235.000 630009.000 897.115
5622 229236.000 630009.000 897.120
5623 229237.000 630009.000 897.131
5624 229238.000 630009.000 897.165
5625 229239.000 630009.000 897.218
5626 229240.000 630009.000 897.271
5627 229241.000 630009.000 897.306
5628 229242.000 630009.000 897.336
5629 229243.000 630009.000 897.331
5630 229244.000 630009.000 897.325
5631 229245.000 630009.000 897.426
5632 229246.000 630009.000 897.493
5633 229221.000 630010.000 895.465
5634 229222.000 630010.000 895.571
5635 229223.000 630010.000 895.753
5636 229224.000 630010.000 895.935
5637 229225.000 630010.000 896.115
5638 229226.000 630010.000 896.292
5639 229227.000 630010.000 896.469
5640 229228.000 630010.000 896.669
5641 229229.000 630010.000 896.830
5642 229230.000 630010.000 896.985
5643 229231.000 630010.000 897.142
5644 229232.000 630010.000 897.166
5645 229233.000 630010.000 897.157
5646 229234.000 630010.000 897.150
5647 229235.000 630010.000 897.141
5648 229236.000 630010.000 897.133
5649 229237.000 630010.000 897.151
5650 229238.000 630010.000 897.198
5651 229239.000 630010.000 897.243
5652 229240.000 630010.000 897.286
5653 229241.000 630010.000 897.317
5654 229242.000 630010.000 897.351
5655 229243.000 630010.000 897.375
5656 229244.000 630010.000 897.399
5657 229245.000 630010.000 897.424
5658 229246.000 630010.000 897.522
5659 229220.000 630011.000 895.483
5660 229221.000 630011.000 895.482
5661 229222.000 630011.000 895.590
5662 229223.000 630011.000 895.777
5663 229224.000 630011.000 895.963
5664 229225.000 630011.000 896.130
5665 229226.000 630011.000 896.301
5666 229227.000 630011.000 896.475
5667 229228.000 630011.000 896.696
5668 229229.000 630011.000 896.936
5669 229230.000 630011.000 897.151
5670 229231.000 630011.000 897.237
5671 229232.000 630011.000 897.215
5672 229233.000 630011.000 897.193
5673 229234.000 630011.000 897.182
5674 229235.000 630011.000 897.174
5675 229236.000 630011.000 897.194
5676 229237.000 630011.000 897.214
5677 229238.000 630011.000 897.225
5678 229239.000 630011.000 897.255
5679 229240.000 630011.000 897.294
5680 229241.000 630011.000 897.329
5681 229242.000 630011.000 897.362
5682 229243.000 630011.000 897.386
5683 229244.000 630011.000 897.411
5684 229245.000 630011.000 897.443
5685 229246.000 630011.000 897.530
5686 229220.000 630012.000 895.500
5687 229221.000 630012.000 895.590
5688 229222.000 630012.000 895.708
5689 229223.000 630012.000 895.826
5690 229224.000 630012.000 895.980
5691 229225.000 630012.000 896.146
5692 229226.000 630012.000 896.347
5693 229227.000 630012.000 896.526
5694 229228.000 630012.000 896.786
5695 229229.000 630012.000 897.068
5696 229230.000 630012.000 897.307
5697 229231.000 630012.000 897.292
5698 229232.000 630012.000 897.271
5699 229233.000 630012.000 897.251
5700 229234.000 630012.000 897.230
5701 229235.000 630012.000 897.241
5702 229236.000 630012.000 897.269
5703 229237.000 630012.000 897.297
5704 229238.000 630012.000 897.320
5705 229239.000 630012.000 897.305
5706 229240.000 630012.000 897.305
5707 229241.000 630012.000 897.341
5708 229242.000 630012.000 897.373
5709 229243.000 630012.000 897.401
5710 229244.000 630012.000 897.429
5711 229245.000 630012.000 897.451
5712 229246.000 630012.000 897.541
5713 229219.000 630013.000 895.523
5714 229220.000 630013.000 895.632
5715 229221.000 630013.000 895.744
5716 229222.000 630013.000 895.859
5717 229223.000 630013.000 895.964
5718 229224.000 630013.000 896.098
5719 229225.000 630013.000 896.233
5720 229226.000 630013.000 896.423
5721 229227.000 630013.000 896.626
5722 229228.000 630013.000 896.987
5723 229229.000 630013.000 897.179
5724 229230.000 630013.000 897.366
5725 229231.000 630013.000 897.360
5726 229232.000 630013.000 897.343
5727 229233.000 630013.000 897.323
5728 229234.000 630013.000 897.302
5729 229235.000 630013.000 897.275
5730 229236.000 630013.000 897.290
5731 229237.000 630013.000 897.318
5732 229238.000 630013.000 897.328
5733 229239.000 630013.000 897.333
5734 229240.000 630013.000 897.320
5735 229241.000 630013.000 897.348
5736 229242.000 630013.000 897.376
5737 229243.000 630013.000 897.396
5738 229244.000 630013.000 897.417
5739 229245.000 630013.000 897.488
5740 229218.000 630014.000 895.569
5741 229219.000 630014.000 895.690
5742 229220.000 630014.000 895.790
5743 229221.000 630014.000 895.889
5744 229222.000 630014.000 895.992
5745 229223.000 630014.000 896.104
5746 229224.000 630014.000 896.222
5747 229225.000 630014.000 896.358
5748 229226.000 630014.000 896.546
5749 229227.000 630014.000 896.854
5750 229228.000 630014.000 897.103
5751 229229.000 630014.000 897.294
5752 229230.000 630014.000 897.422
5753 229231.000 630014.000 897.416
5754 229232.000 630014.000 897.411
5755 229233.000 630014.000 897.395
5756 229234.000 630014.000 897.373
5757 229235.000 630014.000 897.347
5758 229236.000 630014.000 897.320
5759 229237.000 630014.000 897.329
5760 229238.000 630014.000 897.334
5761 229239.000 630014.000 897.339
5762 229240.000 630014.000 897.344
5763 229241.000 630014.000 897.353
5764 229242.000 630014.000 897.371
5765 229243.000 630014.000 897.390
5766 229244.000 630014.000 897.435
5767 229245.000 630014.000 897.502
5768 229216.000 630015.000 895.492
5769 229217.000 630015.000 895.614
5770 229218.000 630015.000 895.735
5771 229219.000 630015.000 895.854
5772 229220.000 630015.000 895.952
5773 229221.000 630015.000 896.052
5774 229222.000 630015.000 896.163
5775 229223.000 630015.000 896.280
5776 229224.000 630015.000 896.404
5777 229225.000 630015.000 896.530
5778 229226.000 630015.000 896.813
5779 229227.000 630015.000 897.052
5780 229228.000 630015.000 897.221
5781 229229.000 630015.000 897.410
5782 229230.000 630015.000 897.478
5783 229231.000 630015.000 897.473
5784 229232.000 630015.000 897.467
5785 229233.000 630015.000 897.461
5786 229234.000 630015.000 897.444
5787 229235.000 630015.000 897.408
5788 229236.000 630015.000 897.365
5789 229237.000 630015.000 897.343
5790 229238.000 630015.000 897.352
5791 229239.000 630015.000 897.356
5792 229240.000 630015.000 897.360
5793 229241.000 630015.000 897.367
5794 229242.000 630015.000 897.386
5795 229243.000 630015.000 897.405
5796 229244.000 630015.000 897.454
5797 229245.000 630015.000 897.517
5798 229216.000 630016.000 895.715
5799 229217.000 630016.000 895.788
5800 229218.000 630016.000 895.902
5801 229219.000 630016.000 896.016
5802 229220.000 630016.000 896.122
5803 229221.000 630016.000 896.237
5804 229222.000 630016.000 896.353
5805 229223.000 630016.000 896.468
5806 229224.000 630016.000 896.592
5807 229225.000 630016.000 896.853
5808 229226.000 630016.000 897.073
5809 229227.000 630016.000 897.216
5810 229228.000 630016.000 897.354
5811 229229.000 630016.000 897.534
5812 229230.000 630016.000 897.539
5813 229231.000 630016.000 897.533
5814 229232.000 630016.000 897.527
5815 229233.000 630016.000 897.522
5816 229234.000 630016.000 897.480
5817 229235.000 630016.000 897.435
5818 229236.000 630016.000 897.391
5819 229237.000 630016.000 897.361
5820 229238.000 630016.000 897.366
5821 229239.000 630016.000 897.375
5822 229240.000 630016.000 897.384
5823 229241.000 630016.000 897.394
5824 229242.000 630016.000 897.440
5825 229243.000 630016.000 897.478
5826 229244.000 630016.000 897.504
5827 229245.000 630016.000 897.532
5828 229215.000 630017.000 895.543
5829 229216.000 630017.000 895.850
5830 229217.000 630017.000 896.008
5831 229218.000 630017.000 896.076
5832 229219.000 630017.000 896.178
5833 229220.000 630017.000 896.290
5834 229221.000 630017.000 896.404
5835 229222.000 630017.000 896.535
5836 229223.000 630017.000 896.696
5837 229224.000 630017.000 896.951
5838 229225.000 630017.000 897.102
5839 229226.000 630017.000 897.237
5840 229227.000 630017.000 897.380
5841 229228.000 630017.000 897.518
5842 229229.000 630017.000 897.605
5843 229230.000 630017.000 897.598
5844 229231.000 630017.000 897.595
5845 229232.000 630017.000 897.590
5846 229233.000 630017.000 897.568
5847 229234.000 630017.000 897.512
5848 229235.000 630017.000 897.461
5849 229236.000 630017.000 897.419
5850 229237.000 630017.000 897.384
5851 229238.000 630017.000 897.383
5852 229239.000 630017.000 897.390
5853 229240.000 630017.000 897.412
5854 229241.000 630017.000 897.466
5855 229242.000 630017.000 897.522
5856 229243.000 630017.000 897.551
5857 229244.000 630017.000 897.576
5858 229245.000 630017.000 897.658
5859 229215.000 630018.000 895.709
5860 229216.000 630018.000 896.012
5861 229217.000 630018.000 896.128
5862 229218.000 630018.000 896.218
5863 229219.000 630018.000 896.324
5864 229220.000 630018.000 896.436
5865 229221.000 630018.000 896.566
5866 229222.000 630018.000 896.805
5867 229223.000 630018.000 897.008
5868 229224.000 630018.000 897.156
5869 229225.000 630018.000 897.293
5870 229226.000 630018.000 897.431
5871 229227.000 630018.000 897.547
5872 229228.000 630018.000 897.646
5873 229229.000 630018.000 897.689
5874 229230.000 630018.000 897.679
5875 229231.000 630018.000 897.668
5876 229232.000 630018.000 897.650
5877 229233.000 630018.000 897.598
5878 229234.000 630018.000 897.545
5879 229235.000 630018.000 897.490
5880 229236.000 630018.000 897.447
5881 229237.000 630018.000 897.412
5882 229238.000 630018.000 897.401
5883 229239.000 630018.000 897.430
5884 229240.000 630018.000 897.471
5885 229241.000 630018.000 897.527
5886 229242.000 630018.000 897.679
5887 229243.000 630018.000 897.657
5888 229244.000 630018.000 897.649
5889 229215.000 630019.000 895.738
5890 229216.000 630019.000 896.076
5891 229217.000 630019.000 896.175
5892 229218.000 630019.000 896.275
5893 229219.000 630019.000 896.458
5894 229220.000 630019.000 896.574
5895 229221.000 630019.000 896.861
5896 229222.000 630019.000 897.053
5897 229223.000 630019.000 897.204
5898 229224.000 630019.000 897.350
5899 229225.000 630019.000 897.495
5900 229226.000 630019.000 897.636
5901 229227.000 630019.000 897.722
5902 229228.000 630019.000 897.771
5903 229229.000 630019.000 897.745
5904 229230.000 630019.000 897.727
5905 229231.000 630019.000 897.709
5906 229232.000 630019.000 897.680
5907 229233.000 630019.000 897.610
5908 229234.000 630019.000 897.547
5909 229235.000 630019.000 897.500
5910 229236.000 630019.000 897.459
5911 229237.000 630019.000 897.444
5912 229238.000 630019.000 897.473
5913 229239.000 630019.000 897.500
5914 229240.000 630019.000 897.530
5915 229241.000 630019.000 897.674
5916 229242.000 630019.000 897.869
5917 229243.000 630019.000 897.837
5918 229244.000 630019.000 897.798
5919 229216.000 630020.000 895.861
5920 229217.000 630020.000 896.109
5921 229218.000 630020.000 896.298
5922 229219.000 630020.000 896.504
5923 229220.000 630020.000 896.816
5924 229221.000 630020.000 897.041
5925 229222.000 630020.000 897.202
5926 229223.000 630020.000 897.382
5927 229224.000 630020.000 897.557
5928 229225.000 630020.000 897.704
5929 229226.000 630020.000 897.796
5930 229227.000 630020.000 897.820
5931 229228.000 630020.000 897.845
5932 229229.000 630020.000 897.807
5933 229230.000 630020.000 897.768
5934 229231.000 630020.000 897.750
5935 229232.000 630020.000 897.702
5936 229233.000 630020.000 897.632
5937 229234.000 630020.000 897.562
5938 229235.000 630020.000 897.497
5939 229236.000 630020.000 897.495
5940 229237.000 630020.000 897.524
5941 229238.000 630020.000 897.553
5942 229239.000 630020.000 897.580
5943 229240.000 630020.000 897.626
5944 229241.000 630020.000 897.797
5945 229242.000 630020.000 897.951
5946 229243.000 630020.000 897.960
5947 229244.000 630020.000 897.960
5948 229216.000 630021.000 895.605
5949 229217.000 630021.000 895.959
5950 229218.000 630021.000 896.320
5951 229219.000 630021.000 896.699
5952 229220.000 630021.000 897.015
5953 229221.000 630021.000 897.187
5954 229222.000 630021.000 897.400
5955 229223.000 630021.000 897.615
5956 229224.000 630021.000 897.751
5957 229225.000 630021.000 897.836
5958 229226.000 630021.000 897.870
5959 229227.000 630021.000 897.895
5960 229228.000 630021.000 897.914
5961 229229.000 630021.000 897.873
5962 229230.000 630021.000 897.832
5963 229231.000 630021.000 897.791
5964 229232.000 630021.000 897.735
5965 229233.000 630021.000 897.680
5966 229234.000 630021.000 897.626
5967 229235.000 630021.000 897.582
5968 229236.000 630021.000 897.592
5969 229237.000 630021.000 897.603
5970 229238.000 630021.000 897.633
5971 229239.000 630021.000 897.673
5972 229240.000 630021.000 897.741
5973 229241.000 630021.000 897.856
5974 229242.000 630021.000 897.991
5975 229243.000 630021.000 898.059
5976 229244.000 630021.000 898.130
5977 229216.000 630022.000 895.628
5978 229217.000 630022.000 895.910
5979 229218.000 630022.000 896.351
5980 229219.000 630022.000 896.988
5981 229220.000 630022.000 897.203
5982 229221.000 630022.000 897.399
5983 229222.000 630022.000 897.616
5984 229223.000 630022.000 897.738
5985 229224.000 630022.000 897.822
5986 229225.000 630022.000 897.907
5987 229226.000 630022.000 897.949
5988 229227.000 630022.000 897.970
5989 229228.000 630022.000 897.981
5990 229229.000 630022.000 897.929
5991 229230.000 630022.000 897.866
5992 229231.000 630022.000 897.823
5993 229232.000 630022.000 897.820
5994 229233.000 630022.000 897.786
5995 229234.000 630022.000 897.731
5996 229235.000 630022.000 897.711
5997 229236.000 630022.000 897.722
5998 229237.000 630022.000 897.733
5999 229238.000 630022.000 897.750
6000 229239.000 630022.000 897.800
6001 229240.000 630022.000 897.886
6002 229241.000 630022.000 897.996
6003 229242.000 630022.000 898.099
6004 229243.000 630022.000 898.198
6005 229244.000 630022.000 898.292
6006 229215.000 630023.000 895.582
6007 229216.000 630023.000 895.828
6008 229217.000 630023.000 896.104
6009 229218.000 630023.000 896.487
6010 229219.000 630023.000 897.129
6011 229220.000 630023.000 897.340
6012 229221.000 630023.000 897.575
6013 229222.000 630023.000 897.730
6014 229223.000 630023.000 897.813
6015 229224.000 630023.000 897.896
6016 229225.000 630023.000 897.979
6017 229226.000 630023.000 898.027
6018 229227.000 630023.000 898.023
6019 229228.000 630023.000 897.994
6020 229229.000 630023.000 897.938
6021 229230.000 630023.000 897.876
6022 229231.000 630023.000 897.855
6023 229232.000 630023.000 897.851
6024 229233.000 630023.000 897.848
6025 229234.000 630023.000 897.837
6026 229235.000 630023.000 897.848
6027 229236.000 630023.000 897.871
6028 229237.000 630023.000 897.893
6029 229238.000 630023.000 897.885
6030 229239.000 630023.000 897.918
6031 229240.000 630023.000 898.012
6032 229241.000 630023.000 898.107
6033 229242.000 630023.000 898.209
6034 229243.000 630023.000 898.307
6035 229244.000 630023.000 898.387
6036 229214.000 630024.000 895.536
6037 229215.000 630024.000 895.782
6038 229216.000 630024.000 896.029
6039 229217.000 630024.000 896.360
6040 229218.000 630024.000 896.853
6041 229219.000 630024.000 897.227
6042 229220.000 630024.000 897.476
6043 229221.000 630024.000 897.650
6044 229222.000 630024.000 897.748
6045 229223.000 630024.000 897.852
6046 229224.000 630024.000 897.942
6047 229225.000 630024.000 898.032
6048 229226.000 630024.000 898.041
6049 229227.000 630024.000 898.015
6050 229228.000 630024.000 897.987
6051 229229.000 630024.000 897.938
6052 229230.000 630024.000 897.897
6053 229231.000 630024.000 897.901
6054 229232.000 630024.000 897.905
6055 229233.000 630024.000 897.911
6056 229234.000 630024.000 897.949
6057 229235.000 630024.000 898.008
6058 229236.000 630024.000 898.031
6059 229237.000 630024.000 898.036
6060 229238.000 630024.000 898.057
6061 229239.000 630024.000 898.084
6062 229240.000 630024.000 898.141
6063 229241.000 630024.000 898.223
6064 229242.000 630024.000 898.316
6065 229243.000 630024.000 898.382
6066 229244.000 630024.000 898.447
6067 229245.000 630024.000 898.513
6068 229212.000 630025.000 895.660
6069 229213.000 630025.000 895.730
6070 229214.000 630025.000 895.829
6071 229215.000 630025.000 896.087
6072 229216.000 630025.000 896.377
6073 229217.000 630025.000 896.693
6074 229218.000 630025.000 897.140
6075 229219.000 630025.000 897.304
6076 229220.000 630025.000 897.556
6077 229221.000 630025.000 897.638
6078 229222.000 630025.000 897.793
6079 229223.000 630025.000 897.884
6080 229224.000 630025.000 897.974
6081 229225.000 630025.000 897.979
6082 229226.000 630025.000 897.999
6083 229227.000 630025.000 897.995
6084 229228.000 630025.000 897.980
6085 229229.000 630025.000 897.937
6086 229230.000 630025.000 897.959
6087 229231.000 630025.000 897.975
6088 229232.000 630025.000 897.990
6089 229233.000 630025.000 898.022
6090 229234.000 630025.000 898.069
6091 229235.000 630025.000 898.130
6092 229236.000 630025.000 898.196
6093 229237.000 630025.000 898.218
6094 229238.000 630025.000 898.239
6095 229239.000 630025.000 898.268
6096 229240.000 630025.000 898.302
6097 229241.000 630025.000 898.362
6098 229242.000 630025.000 898.423
6099 229243.000 630025.000 898.467
6100 229244.000 630025.000 898.511
6101 229245.000 630025.000 898.573
6102 229211.000 630026.000 895.747
6103 229212.000 630026.000 896.043
6104 229213.000 630026.000 896.146
6105 229214.000 630026.000 896.214
6106 229215.000 630026.000 896.402
6107 229216.000 630026.000 896.774
6108 229217.000 630026.000 897.025
6109 229218.000 630026.000 897.187
6110 229219.000 630026.000 897.395
6111 229220.000 630026.000 897.626
6112 229221.000 630026.000 897.619
6113 229222.000 630026.000 897.634
6114 229223.000 630026.000 897.819
6115 229224.000 630026.000 897.930
6116 229225.000 630026.000 897.920
6117 229226.000 630026.000 897.947
6118 229227.000 630026.000 897.953
6119 229228.000 630026.000 897.956
6120 229229.000 630026.000 898.000
6121 229230.000 630026.000 898.003
6122 229231.000 630026.000 898.049
6123 229232.000 630026.000 898.101
6124 229233.000 630026.000 898.133
6125 229234.000 630026.000 898.193
6126 229235.000 630026.000 898.262
6127 229236.000 630026.000 898.373
6128 229237.000 630026.000 898.396
6129 229238.000 630026.000 898.458
6130 229239.000 630026.000 898.427
6131 229240.000 630026.000 898.454
6132 229241.000 630026.000 898.510
6133 229242.000 630026.000 898.550
6134 229243.000 630026.000 898.612
6135 229244.000 630026.000 898.656
6136 229245.000 630026.000 898.700
6137 229211.000 630027.000 895.920
6138 229212.000 630027.000 896.266
6139 229213.000 630027.000 896.450
6140 229214.000 630027.000 896.555
6141 229215.000 630027.000 896.736
6142 229216.000 630027.000 896.881
6143 229217.000 630027.000 897.076
6144 229218.000 630027.000 897.302
6145 229219.000 630027.000 897.522
6146 229220.000 630027.000 897.595
6147 229221.000 630027.000 897.597
6148 229222.000 630027.000 897.594
6149 229223.000 630027.000 897.660
6150 229224.000 630027.000 897.771
6151 229225.000 630027.000 897.886
6152 229226.000 630027.000 897.947
6153 229227.000 630027.000 898.144
6154 229228.000 630027.000 898.269
6155 229229.000 630027.000 898.234
6156 229230.000 630027.000 898.207
6157 229231.000 630027.000 898.191
6158 229232.000 630027.000 898.223
6159 229233.000 630027.000 898.322
6160 229234.000 630027.000 898.343
6161 229235.000 630027.000 898.396
6162 229236.000 630027.000 898.518
6163 229237.000 630027.000 898.683
6164 229238.000 630027.000 898.775
6165 229239.000 630027.000 898.672
6166 229240.000 630027.000 898.617
6167 229241.000 630027.000 898.670
6168 229242.000 630027.000 898.711
6169 229243.000 630027.000 898.732
6170 229244.000 630027.000 898.800
6171 229245.000 630027.000 898.903
6172 229246.000 630027.000 899.038
6173 229210.000 630028.000 895.677
6174 229211.000 630028.000 896.102
6175 229212.000 630028.000 896.416
6176 229213.000 630028.000 896.556
6177 229214.000 630028.000 896.667
6178 229215.000 630028.000 896.740
6179 229216.000 630028.000 896.863
6180 229217.000 630028.000 897.193
6181 229218.000 630028.000 897.473
6182 229219.000 630028.000 897.537
6183 229220.000 630028.000 897.540
6184 229221.000 630028.000 897.547
6185 229222.000 630028.000 897.611
6186 229223.000 630028.000 897.998
6187 229224.000 630028.000 898.369
6188 229225.000 630028.000 898.315
6189 229226.000 630028.000 898.158
6190 229227.000 630028.000 898.169
6191 229228.000 630028.000 898.473
6192 229229.000 630028.000 898.533
6193 229230.000 630028.000 898.503
6194 229231.000 630028.000 898.444
6195 229232.000 630028.000 898.438
6196 229233.000 630028.000 898.550
6197 229234.000 630028.000 898.622
6198 229235.000 630028.000 898.612
6199 229236.000 630028.000 898.674
6200 229237.000 630028.000 898.910
6201 229238.000 630028.000 899.066
6202 229239.000 630028.000 898.956
6203 229240.000 630028.000 898.859
6204 229241.000 630028.000 898.867
6205 229242.000 630028.000 898.871
6206 229243.000 630028.000 898.856
6207 229244.000 630028.000 898.969
6208 229245.000 630028.000 899.085
6209 229246.000 630028.000 899.213
6210 229247.000 630028.000 899.587
6211 229209.000 630029.000 895.567
6212 229210.000 630029.000 895.876
6213 229211.000 630029.000 896.241
6214 229212.000 630029.000 896.527
6215 229213.000 630029.000 896.653
6216 229214.000 630029.000 896.745
6217 229215.000 630029.000 896.827
6218 229216.000 630029.000 896.946
6219 229217.000 630029.000 897.147
6220 229218.000 630029.000 897.330
6221 229219.000 630029.000 897.469
6222 229220.000 630029.000 897.522
6223 229221.000 630029.000 897.671
6224 229222.000 630029.000 897.928
6225 229223.000 630029.000 898.445
6226 229224.000 630029.000 898.704
6227 229225.000 630029.000 898.567
6228 229226.000 630029.000 898.542
6229 229227.000 630029.000 898.477
6230 229228.000 630029.000 898.574
6231 229229.000 630029.000 898.777
6232 229230.000 630029.000 899.006
6233 229231.000 630029.000 899.061
6234 229232.000 630029.000 899.162
6235 229233.000 630029.000 899.035
6236 229234.000 630029.000 898.930
6237 229235.000 630029.000 898.995
6238 229236.000 630029.000 898.909
6239 229237.000 630029.000 899.059
6240 229238.000 630029.000 899.247
6241 229239.000 630029.000 899.221
6242 229240.000 630029.000 899.134
6243 229241.000 630029.000 899.087
6244 229242.000 630029.000 899.050
6245 229243.000 630029.000 899.046
6246 229244.000 630029.000 899.134
6247 229245.000 630029.000 899.250
6248 229246.000 630029.000 899.358
6249 229247.000 630029.000 899.752
6250 229206.000 630030.000 895.516
6251 229207.000 630030.000 895.542
6252 229208.000 630030.000 895.567
6253 229209.000 630030.000 895.727
6254 229210.000 630030.000 896.089
6255 229211.000 630030.000 896.420
6256 229212.000 630030.000 896.618
6257 229213.000 630030.000 896.712
6258 229214.000 630030.000 896.804
6259 229215.000 630030.000 896.888
6260 229216.000 630030.000 896.995
6261 229217.000 630030.000 897.180
6262 229218.000 630030.000 897.350
6263 229219.000 630030.000 897.677
6264 229220.000 630030.000 898.043
6265 229221.000 630030.000 898.050
6266 229222.000 630030.000 898.083
6267 229223.000 630030.000 898.643
6268 229224.000 630030.000 899.077
6269 229225.000 630030.000 899.243
6270 229226.000 630030.000 899.312
6271 229227.000 630030.000 899.182
6272 229228.000 630030.000 899.067
6273 229229.000 630030.000 899.242
6274 229230.000 630030.000 899.690
6275 229231.000 630030.000 899.454
6276 229232.000 630030.000 899.695
6277 229233.000 630030.000 899.446
6278 229234.000 630030.000 899.216
6279 229235.000 630030.000 899.337
6280 229236.000 630030.000 899.243
6281 229237.000 630030.000 899.184
6282 229238.000 630030.000 899.321
6283 229239.000 630030.000 899.358
6284 229240.000 630030.000 899.278
6285 229241.000 630030.000 899.234
6286 229242.000 630030.000 899.229
6287 229243.000 630030.000 899.242
6288 229244.000 630030.000 899.297
6289 229245.000 630030.000 899.413
6290 229246.000 630030.000 899.492
6291 229204.000 630031.000 895.490
6292 229205.000 630031.000 895.516
6293 229206.000 630031.000 895.541
6294 229207.000 630031.000 895.567
6295 229208.000 630031.000 895.639
6296 229209.000 630031.000 895.924
6297 229210.000 630031.000 896.334
6298 229211.000 630031.000 896.584
6299 229212.000 630031.000 896.705
6300 229213.000 630031.000 896.773
6301 229214.000 630031.000 896.862
6302 229215.000 630031.000 896.952
6303 229216.000 630031.000 897.106
6304 229217.000 630031.000 897.361
6305 229218.000 630031.000 897.574
6306 229219.000 630031.000 897.873
6307 229220.000 630031.000 898.167
6308 229221.000 630031.000 898.418
6309 229222.000 630031.000 898.520
6310 229223.000 630031.000 899.003
6311 229224.000 630031.000 899.289
6312 229225.000 630031.000 899.429
6313 229226.000 630031.000 899.491
6314 229227.000 630031.000 899.377
6315 229228.000 630031.000 899.275
6316 229229.000 630031.000 899.835
6317 229230.000 630031.000 900.161
6318 229231.000 630031.000 899.658
6319 229232.000 630031.000 899.746
6320 229233.000 630031.000 899.767
6321 229234.000 630031.000 899.568
6322 229235.000 630031.000 899.673
6323 229236.000 630031.000 899.578
6324 229237.000 630031.000 899.446
6325 229238.000 630031.000 899.410
6326 229239.000 630031.000 899.406
6327 229240.000 630031.000 899.396
6328 229241.000 630031.000 899.327
6329 229242.000 630031.000 899.358
6330 229243.000 630031.000 899.423
6331 229244.000 630031.000 899.474
6332 229202.000 630032.000 895.469
6333 229203.000 630032.000 895.500
6334 229204.000 630032.000 895.531
6335 229205.000 630032.000 895.562
6336 229206.000 630032.000 895.593
6337 229207.000 630032.000 895.726
6338 229208.000 630032.000 895.984
6339 229209.000 630032.000 896.207
6340 229210.000 630032.000 896.521
6341 229211.000 630032.000 896.693
6342 229212.000 630032.000 896.797
6343 229213.000 630032.000 896.869
6344 229214.000 630032.000 897.038
6345 229215.000 630032.000 897.255
6346 229216.000 630032.000 897.396
6347 229217.000 630032.000 897.606
6348 229218.000 630032.000 897.771
6349 229219.000 630032.000 897.933
6350 229220.000 630032.000 898.168
6351 229221.000 630032.000 898.441
6352 229222.000 630032.000 898.838
6353 229223.000 630032.000 899.199
6354 229224.000 630032.000 899.370
6355 229225.000 630032.000 899.556
6356 229226.000 630032.000 899.642
6357 229227.000 630032.000 899.545
6358 229228.000 630032.000 899.494
6359 229229.000 630032.000 900.053
6360 229230.000 630032.000 900.268
6361 229231.000 630032.000 899.961
6362 229232.000 630032.000 900.018
6363 229233.000 630032.000 899.924
6364 229234.000 630032.000 899.791
6365 229235.000 630032.000 899.811
6366 229236.000 630032.000 899.704
6367 229237.000 630032.000 899.560
6368 229238.000 630032.000 899.453
6369 229239.000 630032.000 899.447
6370 229240.000 630032.000 899.445
6371 229241.000 630032.000 899.419
6372 229242.000 630032.000 899.476
6373 229243.000 630032.000 899.548
6374 229201.000 630033.000 895.486
6375 229202.000 630033.000 895.627
6376 229203.000 630033.000 895.628
6377 229204.000 630033.000 895.630
6378 229205.000 630033.000 895.693
6379 229206.000 630033.000 895.881
6380 229207.000 630033.000 896.073
6381 229208.000 630033.000 896.269
6382 229209.000 630033.000 896.521
6383 229210.000 630033.000 896.657
6384 229211.000 630033.000 896.801
6385 229212.000 630033.000 896.901
6386 229213.000 630033.000 896.974
6387 229214.000 630033.000 897.184
6388 229215.000 630033.000 897.361
6389 229216.000 630033.000 897.542
6390 229217.000 630033.000 897.602
6391 229218.000 630033.000 897.684
6392 229219.000 630033.000 897.861
6393 229220.000 630033.000 898.063
6394 229221.000 630033.000 898.575
6395 229222.000 630033.000 899.228
6396 229223.000 630033.000 899.612
6397 229224.000 630033.000 899.798
6398 229225.000 630033.000 899.856
6399 229226.000 630033.000 899.797
6400 229227.000 630033.000 899.721
6401 229228.000 630033.000 899.720
6402 229229.000 630033.000 900.182
6403 229230.000 630033.000 900.376
6404 229231.000 630033.000 900.274
6405 229232.000 630033.000 900.202
6406 229233.000 630033.000 900.289
6407 229234.000 630033.000 900.101
6408 229235.000 630033.000 899.885
6409 229236.000 630033.000 899.740
6410 229237.000 630033.000 899.631
6411 229238.000 630033.000 899.535
6412 229239.000 630033.000 899.441
6413 229240.000 630033.000 899.449
6414 229241.000 630033.000 899.544
6415 229242.000 630033.000 899.619
6416 229243.000 630033.000 899.694
6417 229201.000 630034.000 895.619
6418 229202.000 630034.000 895.792
6419 229203.000 630034.000 895.816
6420 229204.000 630034.000 895.844
6421 229205.000 630034.000 895.991
6422 229206.000 630034.000 896.194
6423 229207.000 630034.000 896.385
6424 229208.000 630034.000 896.538
6425 229209.000 630034.000 896.658
6426 229210.000 630034.000 896.779
6427 229211.000 630034.000 896.879
6428 229212.000 630034.000 896.978
6429 229213.000 630034.000 897.083
6430 229214.000 630034.000 897.244
6431 229215.000 630034.000 897.412
6432 229216.000 630034.000 897.652
6433 229217.000 630034.000 897.815
6434 229218.000 630034.000 897.803
6435 229219.000 630034.000 897.974
6436 229220.000 630034.000 898.262
6437 229221.000 630034.000 898.793
6438 229222.000 630034.000 899.301
6439 229223.000 630034.000 899.502
6440 229224.000 630034.000 899.696
6441 229225.000 630034.000 899.922
6442 229226.000 630034.000 899.910
6443 229227.000 630034.000 899.851
6444 229228.000 630034.000 899.885
6445 229229.000 630034.000 900.119
6446 229230.000 630034.000 900.511
6447 229231.000 630034.000 900.327
6448 229232.000 630034.000 900.318
6449 229233.000 630034.000 900.305
6450 229234.000 630034.000 900.211
6451 229235.000 630034.000 900.023
6452 229236.000 630034.000 899.858
6453 229237.000 630034.000 899.744
6454 229238.000 630034.000 899.634
6455 229239.000 630034.000 899.524
6456 229240.000 630034.000 899.442
6457 229241.000 630034.000 899.690
6458 229242.000 630034.000 899.765
6459 229201.000 630035.000 895.719
6460 229202.000 630035.000 895.899
6461 229203.000 630035.000 895.996
6462 229204.000 630035.000 896.099
6463 229205.000 630035.000 896.231
6464 229206.000 630035.000 896.364
6465 229207.000 630035.000 896.516
6466 229208.000 630035.000 896.678
6467 229209.000 630035.000 896.783
6468 229210.000 630035.000 896.885
6469 229211.000 630035.000 896.990
6470 229212.000 630035.000 897.100
6471 229213.000 630035.000 897.204
6472 229214.000 630035.000 897.326
6473 229215.000 630035.000 897.527
6474 229216.000 630035.000 897.747
6475 229217.000 630035.000 897.976
6476 229218.000 630035.000 898.029
6477 229219.000 630035.000 898.147
6478 229220.000 630035.000 898.452
6479 229221.000 630035.000 898.743
6480 229222.000 630035.000 899.063
6481 229223.000 630035.000 899.270
6482 229224.000 630035.000 899.478
6483 229225.000 630035.000 899.705
6484 229226.000 630035.000 899.932
6485 229227.000 630035.000 900.000
6486 229228.000 630035.000 900.116
6487 229229.000 630035.000 900.279
6488 229230.000 630035.000 900.381
6489 229231.000 630035.000 900.404
6490 229232.000 630035.000 900.395
6491 229233.000 630035.000 900.376
6492 229234.000 630035.000 900.322
6493 229235.000 630035.000 900.158
6494 229236.000 630035.000 900.000
6495 229237.000 630035.000 899.877
6496 229238.000 630035.000 899.774
6497 229239.000 630035.000 899.671
6498 229240.000 630035.000 899.633
6499 229241.000 630035.000 899.835
6500 229201.000 630036.000 895.813
6501 229202.000 630036.000 895.992
6502 229203.000 630036.000 896.090
6503 229204.000 630036.000 896.198
6504 229205.000 630036.000 896.350
6505 229206.000 630036.000 896.483
6506 229207.000 630036.000 896.640
6507 229208.000 630036.000 896.798
6508 229209.000 630036.000 896.940
6509 229210.000 630036.000 897.042
6510 229211.000 630036.000 897.141
6511 229212.000 630036.000 897.237
6512 229213.000 630036.000 897.330
6513 229214.000 630036.000 897.424
6514 229215.000 630036.000 897.646
6515 229216.000 630036.000 897.851
6516 229217.000 630036.000 898.034
6517 229218.000 630036.000 898.139
6518 229219.000 630036.000 898.276
6519 229220.000 630036.000 898.513
6520 229221.000 630036.000 898.794
6521 229222.000 630036.000 899.120
6522 229223.000 630036.000 899.367
6523 229224.000 630036.000 899.774
6524 229225.000 630036.000 899.959
6525 229226.000 630036.000 900.102
6526 229227.000 630036.000 900.116
6527 229228.000 630036.000 900.155
6528 229229.000 630036.000 900.248
6529 229230.000 630036.000 900.350
6530 229231.000 630036.000 900.403
6531 229232.000 630036.000 900.441
6532 229233.000 630036.000 900.462
6533 229234.000 630036.000 900.374
6534 229235.000 630036.000 900.226
6535 229236.000 630036.000 900.073
6536 229237.000 630036.000 900.022
6537 229238.000 630036.000 899.946
6538 229239.000 630036.000 899.894
6539 229240.000 630036.000 899.857
6540 229241.000 630036.000 899.981
6541 229201.000 630037.000 895.816
6542 229202.000 630037.000 896.086
6543 229203.000 630037.000 896.186
6544 229204.000 630037.000 896.293
6545 229205.000 630037.000 896.448
6546 229206.000 630037.000 896.602
6547 229207.000 630037.000 896.760
6548 229208.000 630037.000 896.918
6549 229209.000 630037.000 897.070
6550 229210.000 630037.000 897.194
6551 229211.000 630037.000 897.253
6552 229212.000 630037.000 897.323
6553 229213.000 630037.000 897.451
6554 229214.000 630037.000 897.562
6555 229215.000 630037.000 897.776
6556 229216.000 630037.000 897.971
6557 229217.000 630037.000 898.064
6558 229218.000 630037.000 898.101
6559 229219.000 630037.000 898.245
6560 229220.000 630037.000 898.538
6561 229221.000 630037.000 898.846
6562 229222.000 630037.000 899.173
6563 229223.000 630037.000 899.524
6564 229224.000 630037.000 899.993
6565 229225.000 630037.000 900.187
6566 229226.000 630037.000 900.208
6567 229227.000 630037.000 900.215
6568 229228.000 630037.000 900.236
6569 229229.000 630037.000 900.287
6570 229230.000 630037.000 900.338
6571 229231.000 630037.000 900.389
6572 229232.000 630037.000 900.430
6573 229233.000 630037.000 900.470
6574 229234.000 630037.000 900.409
6575 229235.000 630037.000 900.269
6576 229236.000 630037.000 900.129
6577 229237.000 630037.000 900.110
6578 229238.000 630037.000 900.090
6579 229239.000 630037.000 900.051
6580 229201.000 630038.000 895.780
6581 229202.000 630038.000 896.081
6582 229203.000 630038.000 896.217
6583 229204.000 630038.000 896.344
6584 229205.000 630038.000 896.480
6585 229206.000 630038.000 896.609
6586 229207.000 630038.000 896.776
6587 229208.000 630038.000 896.942
6588 229209.000 630038.000 897.081
6589 229210.000 630038.000 897.386
6590 229211.000 630038.000 897.400
6591 229212.000 630038.000 897.452
6592 229213.000 630038.000 897.583
6593 229214.000 630038.000 897.684
6594 229215.000 630038.000 897.872
6595 229216.000 630038.000 897.951
6596 229217.000 630038.000 897.996
6597 229218.000 630038.000 898.085
6598 229219.000 630038.000 898.257
6599 229220.000 630038.000 898.560
6600 229221.000 630038.000 898.903
6601 229222.000 630038.000 899.230
6602 229223.000 630038.000 899.529
6603 229224.000 630038.000 899.907
6604 229225.000 630038.000 900.002
6605 229226.000 630038.000 900.091
6606 229227.000 630038.000 900.219
6607 229228.000 630038.000 900.325
6608 229229.000 630038.000 900.365
6609 229230.000 630038.000 900.407
6610 229231.000 630038.000 900.400
6611 229232.000 630038.000 900.430
6612 229233.000 630038.000 900.441
6613 229234.000 630038.000 900.390
6614 229235.000 630038.000 900.296
6615 229236.000 630038.000 900.217
6616 229201.000 630039.000 895.739
6617 229202.000 630039.000 896.063
6618 229203.000 630039.000 896.204
6619 229204.000 630039.000 896.303
6620 229205.000 630039.000 896.462
6621 229206.000 630039.000 896.593
6622 229207.000 630039.000 896.756
6623 229208.000 630039.000 896.918
6624 229209.000 630039.000 897.069
6625 229210.000 630039.000 897.473
6626 229211.000 630039.000 897.627
6627 229212.000 630039.000 897.653
6628 229213.000 630039.000 897.752
6629 229214.000 630039.000 897.795
6630 229215.000 630039.000 897.880
6631 229216.000 630039.000 898.007
6632 229217.000 630039.000 898.094
6633 229218.000 630039.000 898.153
6634 229219.000 630039.000 898.357
6635 229220.000 630039.000 898.645
6636 229221.000 630039.000 898.957
6637 229222.000 630039.000 899.263
6638 229223.000 630039.000 899.533
6639 229224.000 630039.000 899.723
6640 229225.000 630039.000 899.817
6641 229226.000 630039.000 899.938
6642 229227.000 630039.000 900.107
6643 229228.000 630039.000 900.350
6644 229229.000 630039.000 900.499
6645 229230.000 630039.000 900.507
6646 229231.000 630039.000 900.473
6647 229232.000 630039.000 900.441
6648 229233.000 630039.000 900.425
6649 229234.000 630039.000 900.411
6650 229201.000 630040.000 895.698
6651 229202.000 630040.000 896.044
6652 229203.000 630040.000 896.176
6653 229204.000 630040.000 896.263
6654 229205.000 630040.000 896.420
6655 229206.000 630040.000 896.576
6656 229207.000 630040.000 896.732
6657 229208.000 630040.000 896.893
6658 229209.000 630040.000 897.055
6659 229210.000 630040.000 897.544
6660 229211.000 630040.000 897.795
6661 229212.000 630040.000 897.818
6662 229213.000 630040.000 897.860
6663 229214.000 630040.000 897.938
6664 229215.000 630040.000 898.087
6665 229216.000 630040.000 898.183
6666 229217.000 630040.000 898.134
6667 229218.000 630040.000 898.204
6668 229219.000 630040.000 898.378
6669 229220.000 630040.000 898.673
6670 229221.000 630040.000 898.985
6671 229222.000 630040.000 899.253
6672 229223.000 630040.000 899.419
6673 229224.000 630040.000 899.537
6674 229225.000 630040.000 899.713
6675 229226.000 630040.000 899.956
6676 229227.000 630040.000 900.198
6677 229228.000 630040.000 900.441
6678 229229.000 630040.000 900.671
6679 229230.000 630040.000 900.676
6680 229231.000 630040.000 900.642
6681 229232.000 630040.000 900.620
6682 229201.000 630041.000 895.659
6683 229202.000 630041.000 896.032
6684 229203.000 630041.000 896.141
6685 229204.000 630041.000 896.234
6686 229205.000 630041.000 896.326
6687 229206.000 630041.000 896.465
6688 229207.000 630041.000 896.616
6689 229208.000 630041.000 896.755
6690 229209.000 630041.000 896.971
6691 229210.000 630041.000 897.660
6692 229211.000 630041.000 897.844
6693 229212.000 630041.000 897.872
6694 229213.000 630041.000 897.957
6695 229214.000 630041.000 898.111
6696 229215.000 630041.000 898.300
6697 229216.000 630041.000 898.245
6698 229217.000 630041.000 898.189
6699 229218.000 630041.000 898.221
6700 229219.000 630041.000 898.379
6701 229220.000 630041.000 898.625
6702 229221.000 630041.000 898.931
6703 229222.000 630041.000 899.100
6704 229223.000 630041.000 899.218
6705 229224.000 630041.000 899.352
6706 229225.000 630041.000 899.676
6707 229226.000 630041.000 899.978
6708 229227.000 630041.000 900.279
6709 229228.000 630041.000 900.532
6710 229229.000 630041.000 900.775
6711 229230.000 630041.000 900.845
6712 229201.000 630042.000 895.730
6713 229202.000 630042.000 896.025
6714 229203.000 630042.000 896.147
6715 229204.000 630042.000 896.241
6716 229205.000 630042.000 896.320
6717 229206.000 630042.000 896.383
6718 229207.000 630042.000 896.496
6719 229208.000 630042.000 896.625
6720 229209.000 630042.000 896.887
6721 229210.000 630042.000 897.594
6722 229211.000 630042.000 897.881
6723 229212.000 630042.000 897.977
6724 229213.000 630042.000 898.074
6725 229214.000 630042.000 898.218
6726 229215.000 630042.000 898.455
6727 229216.000 630042.000 898.396
6728 229217.000 630042.000 898.323
6729 229218.000 630042.000 898.251
6730 229219.000 630042.000 898.388
6731 229220.000 630042.000 898.550
6732 229221.000 630042.000 898.725
6733 229222.000 630042.000 898.843
6734 229223.000 630042.000 898.959
6735 229224.000 630042.000 899.140
6736 229225.000 630042.000 899.441
6737 229226.000 630042.000 899.766
6738 229227.000 630042.000 900.092
6739 229228.000 630042.000 900.417
6740 229229.000 630042.000 900.743
6741 229201.000 630043.000 895.763
6742 229202.000 630043.000 896.033
6743 229203.000 630043.000 896.159
6744 229204.000 630043.000 896.248
6745 229205.000 630043.000 896.337
6746 229206.000 630043.000 896.402
6747 229207.000 630043.000 896.520
6748 229208.000 630043.000 896.568
6749 229209.000 630043.000 896.720
6750 229210.000 630043.000 897.464
6751 229211.000 630043.000 897.818
6752 229212.000 630043.000 897.936
6753 229213.000 630043.000 898.105
6754 229214.000 630043.000 898.291
6755 229215.000 630043.000 898.500
6756 229216.000 630043.000 898.455
6757 229217.000 630043.000 898.375
6758 229218.000 630043.000 898.305
6759 229219.000 630043.000 898.386
6760 229220.000 630043.000 898.545
6761 229221.000 630043.000 898.626
6762 229222.000 630043.000 898.632
6763 229223.000 630043.000 898.725
6764 229224.000 630043.000 898.930
6765 229225.000 630043.000 899.203
6766 229226.000 630043.000 899.529
6767 229227.000 630043.000 899.855
6768 229201.000 630044.000 895.816
6769 229202.000 630044.000 896.046
6770 229203.000 630044.000 896.166
6771 229204.000 630044.000 896.255
6772 229205.000 630044.000 896.344
6773 229206.000 630044.000 896.421
6774 229207.000 630044.000 896.502
6775 229208.000 630044.000 896.549
6776 229209.000 630044.000 896.599
6777 229210.000 630044.000 897.006
6778 229211.000 630044.000 897.744
6779 229212.000 630044.000 897.869
6780 229213.000 630044.000 898.104
6781 229214.000 630044.000 898.224
6782 229215.000 630044.000 898.406
6783 229216.000 630044.000 898.448
6784 229217.000 630044.000 898.375
6785 229218.000 630044.000 898.354
6786 229219.000 630044.000 898.370
6787 229220.000 630044.000 898.484
6788 229221.000 630044.000 898.555
6789 229222.000 630044.000 898.632
6790 229223.000 630044.000 898.590
6791 229224.000 630044.000 898.719
6792 229225.000 630044.000 898.966
6793 229200.000 630045.000 895.654
6794 229201.000 630045.000 895.932
6795 229202.000 630045.000 896.106
6796 229203.000 630045.000 896.176
6797 229204.000 630045.000 896.264
6798 229205.000 630045.000 896.352
6799 229206.000 630045.000 896.438
6800 229207.000 630045.000 896.494
6801 229208.000 630045.000 896.550
6802 229209.000 630045.000 896.606
6803 229210.000 630045.000 896.889
6804 229211.000 630045.000 897.497
6805 229212.000 630045.000 897.873
6806 229213.000 630045.000 898.086
6807 229214.000 630045.000 898.194
6808 229215.000 630045.000 898.313
6809 229216.000 630045.000 898.355
6810 229217.000 630045.000 898.386
6811 229218.000 630045.000 898.400
6812 229219.000 630045.000 898.414
6813 229220.000 630045.000 898.422
6814 229221.000 630045.000 898.529
6815 229222.000 630045.000 898.624
6816 229223.000 630045.000 898.669
6817 229224.000 630045.000 898.799
6818 229200.000 630046.000 895.820
6819 229201.000 630046.000 896.049
6820 229202.000 630046.000 896.126
6821 229203.000 630046.000 896.188
6822 229204.000 630046.000 896.276
6823 229205.000 630046.000 896.364
6824 229206.000 630046.000 896.458
6825 229207.000 630046.000 896.506
6826 229208.000 630046.000 896.560
6827 229209.000 630046.000 896.615
6828 229210.000 630046.000 897.127
6829 229211.000 630046.000 897.819
6830 229212.000 630046.000 898.027
6831 229213.000 630046.000 898.065
6832 229214.000 630046.000 898.155
6833 229215.000 630046.000 898.262
6834 229216.000 630046.000 898.315
6835 229217.000 630046.000 898.448
6836 229218.000 630046.000 898.457
6837 229219.000 630046.000 898.466
6838 229220.000 630046.000 898.446
6839 229221.000 630046.000 898.626
6840 229222.000 630046.000 898.703
6841 229223.000 630046.000 898.931
6842 229199.000 630047.000 895.506
6843 229200.000 630047.000 895.950
6844 229201.000 630047.000 896.104
6845 229202.000 630047.000 896.147
6846 229203.000 630047.000 896.199
6847 229204.000 630047.000 896.287
6848 229205.000 630047.000 896.379
6849 229206.000 630047.000 896.475
6850 229207.000 630047.000 896.526
6851 229208.000 630047.000 896.573
6852 229209.000 630047.000 896.628
6853 229210.000 630047.000 897.065
6854 229211.000 630047.000 897.736
6855 229212.000 630047.000 898.051
6856 229213.000 630047.000 898.088
6857 229214.000 630047.000 898.134
6858 229215.000 630047.000 898.220
6859 229216.000 630047.000 898.300
6860 229217.000 630047.000 898.507
6861 229218.000 630047.000 898.522
6862 229219.000 630047.000 898.471
6863 229220.000 630047.000 898.429
6864 229221.000 630047.000 898.827
6865 229222.000 630047.000 899.062
6866 229199.000 630048.000 895.555
6867 229200.000 630048.000 895.940
6868 229201.000 630048.000 896.097
6869 229202.000 630048.000 896.165
6870 229203.000 630048.000 896.211
6871 229204.000 630048.000 896.301
6872 229205.000 630048.000 896.396
6873 229206.000 630048.000 896.492
6874 229207.000 630048.000 896.547
6875 229208.000 630048.000 896.591
6876 229209.000 630048.000 896.644
6877 229210.000 630048.000 896.954
6878 229211.000 630048.000 897.361
6879 229212.000 630048.000 898.002
6880 229213.000 630048.000 898.112
6881 229214.000 630048.000 898.158
6882 229215.000 630048.000 898.204
6883 229217.000 630048.000 898.554
6884 229199.000 630049.000 895.603
6885 229200.000 630049.000 895.926
6886 229201.000 630049.000 896.085
6887 229202.000 630049.000 896.158
6888 229203.000 630049.000 896.225
6889 229204.000 630049.000 896.317
6890 229205.000 630049.000 896.412
6891 229206.000 630049.000 896.508
6892 229199.000 630050.000 895.511
6893 229200.000 630050.000 895.886
6894 229201.000 630050.000 896.069
6895 229202.000 630050.000 896.148
6896 229203.000 630050.000 896.219
6897 229204.000 630050.000 896.314
6898 229200.000 630051.000 895.777
6899 229201.000 630051.000 896.010
6900 229202.000 630051.000 896.131
6901 229203.000 630051.000 896.216
6902 229201.000 630052.000 895.946
6903 229202.000 630052.000 896.118
