1,219576.292,611922.341,870.729,x fan PC030653R 
2,219668.575,611819.051,860.515,BM x SC030696L  
3,219556.675,611830.895,858.136,bs2 rc MC030718R
4,219508.367,611720.312,860.798,bs1 x MC030794R 
5,219579.159,611675.759,857.762,hydro MC030811L 
6,219496.210,611673.414,860.509,claw MC030823R  
100,219576.284,611922.350,870.721,bos             
102,219576.283,611922.352,870.722,bschk           
103,219576.285,611922.354,870.724,bschk           
104,219576.286,611922.348,870.721,eos             
1001,219513.318,611700.621,855.345,WE +7           
1002,219515.484,611704.842,855.351,WE              
1003,219519.861,611708.658,855.390,WE              
1004,219523.628,611712.869,855.354,WE              
1005,219519.654,611714.845,855.388,WE              
1006,219516.053,611716.994,855.322,WE              
1007,219512.767,611718.530,855.409,WE              
1008,219509.970,611718.782,855.342,WE              
1009,219510.510,611721.688,855.440,WE              
1010,219513.117,611720.521,855.355,WE              
1011,219516.823,611719.013,855.361,WE              
1012,219523.160,611717.127,855.382,WE              
1013,219526.401,611720.997,855.401,WE              
1014,219531.099,611725.679,855.383,WE              
1015,219534.053,611729.442,855.394,WE              
1016,219539.021,611733.172,855.389,WE              
1017,219543.497,611734.861,855.398,WE              
1018,219547.155,611739.135,855.359,WE              
1019,219550.497,611743.911,855.393,WE              
1020,219554.590,611749.276,855.388,WE              
1021,219558.023,611753.404,855.401,WE              
1022,219561.822,611757.795,855.365,WE              
1023,219566.237,611762.247,855.386,WE              
1024,219570.142,611766.461,855.350,WE              
1025,219572.186,611771.184,855.404,WE              
1026,219570.970,611775.042,855.359,WE              
1027,219568.123,611778.627,855.415,WE              
1028,219565.270,611783.844,855.377,WE              
1029,219563.470,611790.020,855.396,WE              
1030,219562.508,611796.020,855.355,WE              
1031,219562.354,611804.164,855.403,WE              
1032,219563.611,611810.815,855.372,WE              
1033,219564.949,611816.150,855.400,WE              
1034,219565.994,611821.922,855.321,WE              
1035,219565.947,611829.052,855.366,WE              
1036,219563.587,611829.971,855.324,WE              
1037,219561.200,611828.494,855.395,WE              
1038,219558.199,611825.916,855.331,WE              
1039,219556.180,611824.417,855.397,WE              
1040,219553.026,611823.726,855.348,WE              
1041,219553.177,611825.966,855.371,WE              
1042,219553.954,611827.501,855.331,WE              
1044,219549.793,611823.699,855.775,LNHI +7         
1045,219548.366,611820.322,856.100,LNHI            
1046,219555.193,611821.672,856.096,LNHI            
1047,219556.066,611820.842,856.124,LNHI            
1048,219556.240,611816.461,856.156,LNHI            
1049,219555.833,611809.290,856.132,LNHI            
1050,219556.444,611802.239,856.134,LNHI            
1051,219556.362,611795.710,856.142,LNHI            
1052,219557.764,611789.264,856.146,LNHI            
1053,219559.254,611783.340,856.162,LNHI            
1054,219562.462,611775.679,856.143,LNHI            
1055,219563.670,611772.044,856.135,LNHI            
1056,219563.844,611769.889,856.148,LNHI            
1057,219562.788,611765.904,856.149,LNHI            
1058,219558.624,611760.862,856.160,LNHI            
1059,219554.589,611756.314,856.142,LNHI            
1060,219551.280,611752.030,856.157,LNHI            
1061,219547.135,611746.145,856.138,LNHI            
1062,219544.105,611741.517,856.110,LNHI            
1063,219541.567,611738.262,856.146,LNHI            
1064,219536.072,611735.952,856.098,LNHI            
1065,219531.670,611731.407,856.096,LNHI            
1066,219528.353,611727.090,856.120,LNHI            
1067,219524.355,611723.648,856.201,LNHI            
1068,219520.423,611721.436,856.216,LNHI            
1069,219517.675,611720.087,856.099,LNHI            
1070,219515.556,611721.558,856.114,LNHI            
1071,219512.911,611722.409,855.989,LNHI            
1072,219510.052,611717.383,856.084,LNHI            
1073,219512.779,611716.885,856.097,LNHI            
1074,219515.744,611711.539,856.162,LNHI            
1075,219515.584,611709.347,856.139,LNHI            
1076,219512.518,611706.227,856.203,LNHI            
1077,219511.822,611703.756,856.114,LNHI            
1078,219510.547,611700.505,856.208,LNHI -7         
1079,219511.419,611700.002,855.608,SL              
1080,219513.067,611701.537,855.587,SL              
1081,219512.630,611704.833,855.756,SL              
1082,219515.714,611706.163,855.636,SL              
1083,219517.535,611708.850,855.742,SL              
1084,219519.048,611712.139,855.661,SL              
1085,219515.701,611715.755,855.834,SL              
1086,219513.425,611717.793,855.741,SL              
1087,219511.983,611721.955,855.892,SL              
1088,219513.789,611720.982,855.660,SL              
1089,219519.601,611718.699,855.870,SL              
1090,219521.618,611718.918,855.750,SL              
1091,219525.548,611722.304,855.646,SL              
1092,219529.470,611726.025,855.637,SL              
1093,219532.726,611730.295,855.649,SL              
1094,219536.993,611733.883,855.568,SL              
1095,219542.675,611736.355,855.633,SL              
1096,219545.700,611740.310,855.676,SL              
1097,219548.939,611745.077,855.697,SL              
1098,219553.008,611750.871,855.781,SL              
1099,219556.353,611755.213,855.788,SL              
1100,219560.092,611759.354,855.741,SL              
1101,219564.824,611764.439,855.894,SL              
1102,219567.663,611769.956,855.826,SL              
1103,219567.762,611773.820,855.684,SL              
1104,219565.464,611777.535,855.696,SL              
1105,219563.006,611782.964,855.711,SL              
1106,219561.206,611789.756,855.665,SL              
1107,219559.823,611795.996,855.784,SL              
1108,219559.532,611803.575,855.710,SL              
1109,219559.862,611810.655,855.753,SL              
1110,219560.931,611816.844,855.768,SL              
1111,219562.068,611822.319,855.815,SL              
1112,219563.160,611827.979,855.720,SL              
1113,219561.747,611827.926,855.772,SL              
1114,219558.952,611825.197,855.960,SL              
1115,219556.963,611821.991,856.076,SL              
1116,219547.567,611817.585,856.407,SL              
1117,219552.759,611817.009,856.387,SL              
1118,219552.948,611809.191,856.446,SL              
1119,219546.389,611808.306,856.731,SL              
1120,219545.942,611813.268,856.470,SL              
1121,219542.992,611807.569,856.696,SL              
1122,219540.930,611801.980,856.849,SL              
1123,219545.720,611802.459,856.839,SL              
1124,219551.607,611803.253,856.549,SL              
1125,219552.539,611798.052,856.568,SL              
1126,219548.162,611797.481,856.823,SL              
1127,219543.940,611797.168,856.873,SL              
1128,219541.525,611797.439,856.620,SL              
1129,219540.567,611795.449,856.625,SL              
1130,219541.916,611794.769,856.623,SL              
1131,219544.368,611794.059,857.042,SL              
1132,219547.885,611794.527,857.056,SL              
1133,219553.480,611795.200,856.551,SL              
1134,219555.281,611788.928,856.551,SL              
1135,219552.580,611787.562,856.966,SL              
1136,219555.307,611783.730,856.779,SL              
1137,219557.137,611779.260,856.815,SL              
1138,219559.932,611774.631,856.642,SL              
1139,219561.541,611770.103,856.396,SL              
1140,219560.537,611767.098,856.530,SL              
1141,219543.079,611791.485,857.073,SL              
1142,219539.976,611793.415,856.744,SL              
1143,219537.110,611791.200,856.889,SL              
1144,219538.810,611789.047,857.113,SL              
1145,219535.085,611788.048,857.278,SL              
1146,219534.647,611791.125,857.080,SL              
1147,219532.951,611787.197,857.861,SL              
1148,219533.157,611786.963,857.500,SL              
1149,219533.729,611786.221,857.871,SL              
1150,219531.568,611784.520,858.300,SL              
1151,219530.425,611784.013,858.502,SL              
1152,219528.245,611782.392,858.986,SL              
1153,219526.907,611781.528,859.466,SL              
1154,219522.240,611778.002,859.977,SL              
1155,219523.065,611776.503,859.649,SL              
1156,219521.230,611775.512,859.837,SL              
1157,219520.633,611776.702,860.419,SL              
1158,219520.522,611774.144,860.434,SL              
1159,219523.934,611775.747,860.095,SL              
1160,219526.246,611777.744,859.437,SL              
1161,219529.633,611780.176,858.870,SL              
1162,219533.160,611782.749,858.613,SL              
1163,219537.350,611784.782,858.545,SL              
1164,219540.975,611786.483,858.195,SL              
1165,219546.059,611788.091,857.947,SL              
1166,219546.447,611791.073,857.682,SL              
1167,219550.347,611789.261,857.320,SL              
1168,219550.215,611786.505,857.746,SL              
1169,219545.756,611785.008,858.084,SL              
1170,219539.684,611782.504,859.078,SL              
1171,219535.023,611779.759,859.197,SL              
1172,219530.298,611777.104,859.001,SL              
1173,219527.952,611775.810,859.191,SL              
1174,219524.719,611773.703,860.122,SL              
1175,219522.182,611772.672,860.584,SL              
1176,219519.015,611771.658,861.461,SL              
1177,219517.674,611770.256,862.030,SL              
1178,219520.919,611770.130,861.515,SL              
1179,219516.601,611767.478,861.798,SL              
1180,219522.055,611769.186,860.870,SL              
1181,219525.610,611770.532,859.840,SL              
1182,219529.580,611771.851,859.155,SL              
1183,219534.661,611774.364,859.403,SL              
1184,219539.898,611776.357,859.423,SL              
1185,219544.828,611778.217,858.841,SL              
1186,219548.501,611780.233,858.258,SL              
1187,219552.614,611782.039,857.793,SL              
1188,219554.976,611777.860,857.889,SL              
1189,219549.164,611775.025,858.667,SL              
1190,219543.151,611772.095,859.420,SL              
1191,219537.067,611769.580,859.639,SL              
1192,219530.424,611767.342,859.198,SL              
1193,219527.433,611766.692,859.313,SL              
1194,219521.665,611765.508,860.541,SL              
1195,219517.609,611764.649,861.439,SL              
1196,219516.334,611765.263,862.073,SL              
1197,219513.930,611763.085,862.232,SL              
1198,219516.696,611762.487,861.206,SL              
1199,219514.692,611760.603,861.247,SL              
1200,219519.948,611760.587,860.205,SL              
1201,219524.940,611760.953,859.295,SL              
1202,219529.860,611761.733,859.302,SL              
1203,219535.902,611763.574,859.727,SL              
1204,219541.798,611766.531,859.600,SL              
1205,219548.084,611769.366,859.118,SL              
1206,219552.542,611771.762,858.684,SL              
1207,219556.768,611773.386,858.230,SL              
1208,219557.550,611770.628,858.381,SL              
1209,219551.097,611767.570,858.999,SL              
1210,219546.441,611765.111,859.379,SL              
1211,219540.645,611762.317,859.678,SL              
1212,219533.707,611758.044,859.795,SL              
1213,219527.471,611757.485,859.275,SL              
1214,219521.403,611756.664,859.383,SL              
1215,219516.437,611756.433,859.876,SL              
1216,219513.770,611757.588,860.725,SL              
1217,219512.683,611758.120,861.548,SL              
1218,219513.868,611755.374,859.696,SL              
1219,219514.819,611754.420,859.365,SL              
1220,219514.439,611753.438,859.920,SL              
1221,219516.926,611753.125,859.557,SL              
1222,219518.588,611753.272,859.227,SL              
1223,219525.243,611754.058,859.267,SL              
1224,219528.197,611753.920,859.532,SL              
1225,219532.517,611753.967,859.771,SL              
1226,219539.661,611755.213,859.600,SL              
1227,219545.383,611758.306,859.354,SL              
1228,219549.581,611759.502,859.093,SL              
1229,219553.027,611764.303,858.930,SL              
1230,219546.739,611754.820,858.986,SL              
1231,219540.383,611751.993,859.273,SL              
1232,219534.038,611750.024,859.535,SL              
1233,219527.531,611748.109,859.490,SL              
1234,219522.265,611748.146,859.004,SL              
1235,219517.891,611748.117,859.025,SL              
1236,219514.158,611748.864,859.821,SL              
1237,219511.465,611744.830,860.754,SL              
1238,219513.772,611743.908,859.432,SL              
1239,219517.205,611743.201,858.549,SL              
1240,219519.166,611742.508,858.956,SL              
1241,219527.596,611743.179,859.268,SL              
1242,219533.461,611744.206,859.105,SL              
1243,219540.283,611745.950,858.772,SL              
1244,219543.752,611750.582,858.835,SL              
1245,219538.491,611741.528,858.406,SL              
1246,219535.660,611741.281,858.771,SL              
1247,219528.283,611740.928,859.120,SL              
1248,219522.290,611739.456,859.289,SL              
1249,219515.358,611738.183,858.455,SL              
1250,219515.987,611739.953,858.595,SL              
1251,219514.981,611740.083,858.157,SL              
1252,219511.727,611740.858,859.801,SL              
1253,219514.028,611737.932,857.946,SL              
1254,219512.585,611737.764,858.562,SL              
1255,219512.622,611737.715,858.471,SL              
1256,219512.604,611736.867,858.467,SL              
1257,219512.803,611736.291,857.944,SL              
1258,219511.844,611735.461,858.541,BK +7           
1259,219513.058,611735.676,858.325,BK              
1260,219513.552,611732.879,858.045,BK              
1261,219514.018,611730.838,857.743,BK              
1262,219513.895,611728.285,857.463,BK              
1263,219514.225,611728.126,857.239,BK -7           
1264,219514.200,611728.128,857.236,BK +7           
1265,219514.593,611729.534,857.282,BK              
1266,219514.018,611733.290,857.569,BK              
1267,219513.630,611735.785,857.859,BK              
1268,219512.332,611736.198,857.913,BK -7           
1269,219514.130,611736.972,857.850,BK +7           
1270,219514.107,611736.972,857.870,BK              
1271,219514.354,611734.355,857.617,BK              
1272,219515.520,611732.090,857.459,BK              
1273,219516.718,611729.569,857.218,BK              
1274,219516.672,611726.309,856.994,BK -7           
1275,219518.321,611727.125,857.428,BK +7           
1276,219517.401,611729.989,857.670,BK              
1277,219515.811,611732.094,857.773,BK              
1278,219514.837,611734.542,858.084,BK              
1279,219514.475,611736.886,858.254,BK -7           
1280,219517.548,611734.740,858.272,SL              
1281,219521.843,611735.637,858.889,SL              
1282,219525.966,611736.086,859.076,SL              
1283,219530.547,611736.863,858.806,SL              
1284,219526.946,611733.631,858.890,SL              
1285,219520.481,611731.917,858.188,SL              
1286,219520.588,611727.800,857.693,SL              
1287,219523.757,611728.657,858.080,SL              
1288,219523.109,611726.048,857.496,SL              
1289,219525.874,611726.486,856.877,SL              
1290,219523.486,611724.765,856.866,SL              
1291,219520.810,611724.937,857.251,SL              
1292,219517.555,611723.512,856.841,SL              
1293,219513.940,611723.487,856.743,SL              
1294,219515.482,611726.788,856.942,SL              
1295,219511.914,611714.864,856.824,SL              
1296,219510.090,611713.326,857.463,SL              
1297,219508.418,611711.579,858.397,SL              
1298,219510.270,611710.898,857.435,SL              
1299,219513.458,611709.891,856.538,SL              
1300,219511.898,611705.110,856.562,SL              
1301,219509.211,611705.055,857.224,SL              
1302,219508.602,611705.323,857.938,SL              
1303,219510.483,611703.802,856.796,SL              
1304,219509.683,611701.513,856.773,SL              
1305,219514.255,611706.410,856.095,V21             
1306,219512.790,611707.328,856.467,V22             
1307,219511.100,611708.013,857.034,V23             
1308,219508.825,611709.219,858.328,V24             
1309,219507.257,611709.855,859.178,V25             
1310,219504.866,611710.616,860.127,V26             
1311,219502.721,611711.485,861.186,V27             
1312,219510.238,611720.163,855.247,os              
1313,219513.073,611719.816,855.156,os              
1314,219515.645,611718.573,855.225,os              
1315,219518.798,611716.778,855.233,os              
1316,219522.573,611715.296,855.208,os              
1317,219526.501,611728.507,857.350,SL              
1318,219528.895,611731.480,857.199,SL              
1319,219532.480,611735.751,857.355,SL              
1320,219537.419,611739.199,857.257,SL              
1321,219539.814,611740.648,857.282,SL              
1322,219541.047,611741.526,857.275,SL              
1323,219543.479,611745.343,857.432,SL              
1324,219546.445,611749.609,857.233,SL              
1325,219550.015,611755.060,857.473,SL              
1326,219553.776,611760.224,857.333,SL              
1327,219556.964,611765.004,857.557,SL              
1328,219559.025,611770.077,857.559,SL              
1329,219558.710,611773.287,857.417,SL              
1330,219556.883,611777.124,857.283,SL              
1331,219554.079,611782.485,857.335,SL              
1332,219551.572,611788.173,857.160,SL              
1334,219631.181,611982.922,858.867,I1 +7           
1335,219519.663,611754.884,859.306,I1              
1336,219523.627,611757.336,859.286,I1              
1337,219526.285,611756.183,859.250,I1              
1338,219521.130,611745.630,858.831,I1 -7           
1339,219524.787,611746.802,859.308,I2 +7           
1340,219541.318,611755.209,859.438,I2              
1341,219544.392,611753.373,859.072,I2              
1342,219526.879,611734.111,858.914,I2              
1343,219521.363,611738.588,859.169,I2 -7           
1344,219530.842,611753.974,859.710,I3 +7           
1345,219549.599,611760.273,859.136,I3              
1346,219551.196,611767.569,859.014,I3              
1347,219537.860,611780.280,859.291,I3              
1348,219533.975,611766.311,859.540,I3 -7           
1349,219551.382,611782.481,857.908,I4 +7           
1350,219547.865,611780.548,858.229,I4              
1351,219543.049,611786.936,858.066,I4              
1352,219547.317,611790.066,857.810,I4 -7           
1353,219555.007,611795.162,856.373,I5 +7           
1354,219554.937,611820.486,856.206,I5              
1355,219548.898,611819.006,856.444,I5              
1356,219545.859,611796.762,856.941,I5 -7           
1357,219544.573,611803.365,856.808,V1              
1358,219541.534,611804.178,856.743,V2              
1359,219540.090,611804.680,857.416,V3              
1360,219538.724,611805.569,859.928,V4              
1361,219536.881,611806.628,860.790,V5              
1362,219534.947,611807.530,861.481,V6              
1363,219533.475,611808.169,862.041,V7              
1364,219533.819,611783.704,858.474,V8              
1365,219531.399,611785.658,858.342,V8              
1366,219530.032,611786.103,858.833,V10             
1367,219527.407,611787.674,859.922,V11             
1368,219526.550,611788.714,860.099,V12             
1370,219523.690,611792.673,863.274,V13             
1371,219516.380,611734.642,858.172,V14             
1372,219512.512,611734.371,858.324,V15             
1373,219510.811,611734.184,858.939,V16             
1374,219509.543,611734.301,859.410,V17             
1375,219506.995,611734.153,859.739,V18             
1376,219504.433,611734.433,860.516,V19             
1377,219502.961,611735.023,861.333,V20             
1378,219523.658,611742.233,859.299,P36             
1379,219537.620,611742.742,858.817,P22             
1380,219536.188,611774.088,859.521,P73             
1381,219548.675,611759.660,859.192,P32             
1382,219549.201,611748.857,856.141,P76             
1383,219559.702,611796.426,855.785,P79             
1384,219548.046,611804.238,856.716,P77             
1385,219562.678,611825.736,855.835,P23             
1386,219556.494,611834.139,855.582,WE +7           
1387,219557.466,611837.004,855.558,WE              
1388,219558.579,611838.779,855.577,WE              
1389,219560.254,611841.483,855.561,WE              
1390,219560.291,611844.774,855.511,WE              
1391,219562.937,611847.917,855.611,WE              
1392,219569.227,611855.310,855.617,WE              
1393,219571.470,611856.554,855.595,WE -7           
1394,219566.619,611856.580,856.751,SL              
1395,219566.332,611854.029,855.871,SL              
1396,219562.455,611853.757,856.331,SL              
1397,219559.940,611851.646,856.557,SL              
1398,219558.393,611848.960,856.563,SL              
1399,219557.052,611849.176,858.653,SL              
1400,219558.565,611853.607,858.641,SL              
